#Species name here:
Model_1_goa_nr_2022.dat
#SSL Species?
0
#Constant buffer of Dorn?
0
#Number of fisheries?
1
#Number of sexes?
1
#5year_Average_F(endyr-4,endyr_as_estimated_by_ADmodel)
0.0237543
#_Author_F_as_fraction_F_40%
1
#ABC SPR
0.4
#MSY SPR
0.35
#_Spawn_month
5
#_Number_of_ages
50
#_F_ratio(must_sum_to_one_only_one_fishery)
1
#_Natural_Mortality 2 3 4 5 6 7 8 9 10 11 12 13 14 15 16 17 18 19 20 21 22 23 24 25 26 27 28 29 30 31 32 33 34 35 36 37 38 39 40 41 42 43 44 45 46 47 48 49 50 51
 0.0594018 0.0594018 0.0594018 0.0594018 0.0594018 0.0594018 0.0594018 0.0594018 0.0594018 0.0594018 0.0594018 0.0594018 0.0594018 0.0594018 0.0594018 0.0594018 0.0594018 0.0594018 0.0594018 0.0594018 0.0594018 0.0594018 0.0594018 0.0594018 0.0594018 0.0594018 0.0594018 0.0594018 0.0594018 0.0594018 0.0594018 0.0594018 0.0594018 0.0594018 0.0594018 0.0594018 0.0594018 0.0594018 0.0594018 0.0594018 0.0594018 0.0594018 0.0594018 0.0594018 0.0594018 0.0594018 0.0594018 0.0594018 0.0594018 0.0594018
#_Maturity_divided_by_2(projection_program_uses_to_get_female_spawning_biomass_if_divide_by_2 2 3 4 5 6 7 8 9 10 11 12 13 14 15 16 17 18 19 20 21 22 23 24 25 26 27 28 29 30 31 32 33 34 35 36 37 38 39 40 41 42 43 44 45 46 47 48 49 50 51
 0.0037307 0.00711441 0.0135255 0.025565 0.0478021 0.0876418 0.155271 0.260203 0.402277 0.562901 0.711334 0.825029 0.900225 0.945249 0.970619 0.984427 0.9918 0.995698 0.997747 0.998821 0.999384 0.999678 0.999832 0.999912 0.999954 0.999976 0.999987 0.999993 0.999997 0.999998 0.999999 1 1 1 1 1 1 1 1 1 1 1 1 1 1 1 1 1 1 1
#_Wt_at_age_spawners 2 3 4 5 6 7 8 9 10 11 12 13 14 15 16 17 18 19 20 21 22 23 24 25 26 27 28 29 30 31 32 33 34 35 36 37 38 39 40 41 42 43 44 45 46 47 48 49 50 51
 29.7 74.4 136 209.2 288.5 369.4 448.5 523.6 593.2 656.6 713.6 764.2 808.7 847.7 881.5 910.8 936 957.7 976.2 992.1 1005.6 1017.1 1026.9 1035.2 1042.2 1048.2 1053.3 1057.6 1061.2 1064.3 1066.9 1069.1 1070.9 1072.5 1073.8 1074.9 1075.9 1076.7 1077.4 1077.9 1078.4 1078.8 1079.2 1079.5 1079.7 1079.9 1080.1 1080.2 1080.4 1080.8
#_Wt_at_age_fishery 2 3 4 5 6 7 8 9 10 11 12 13 14 15 16 17 18 19 20 21 22 23 24 25 26 27 28 29 30 31 32 33 34 35 36 37 38 39 40 41 42 43 44 45 46 47 48 49 50 51
 29.7 74.4 136 209.2 288.5 369.4 448.5 523.6 593.2 656.6 713.6 764.2 808.7 847.7 881.5 910.8 936 957.7 976.2 992.1 1005.6 1017.1 1026.9 1035.2 1042.2 1048.2 1053.3 1057.6 1061.2 1064.3 1066.9 1069.1 1070.9 1072.5 1073.8 1074.9 1075.9 1076.7 1077.4 1077.9 1078.4 1078.8 1079.2 1079.5 1079.7 1079.9 1080.1 1080.2 1080.4 1080.8
#_Selectivity_fishery_scaled_to_max_at_one 2 3 4 5 6 7 8 9 10 11 12 13 14 15 16 17 18 19 20 21 22 23 24 25 26 27 28 29 30 31 32 33 34 35 36 37 38 39 40 41 42 43 44 45 46 47 48 49 50 51
 6.4815e-05 0.000308247 0.00146462 0.006929 0.0321246 0.136358 0.428919 0.781314 0.944431 0.987782 0.997407 0.999454 0.999885 0.999976 0.999995 0.999999 1 1 1 1 1 1 1 1 1 1 1 1 1 1 1 1 1 1 1 1 1 1 1 1 1 1 1 1 1 1 1 1 1 1
#_Numbers_at_age_end_year 2 3 4 5 6 7 8 9 10 11 12 13 14 15 16 17 18 19 20 21 22 23 24 25 26 27 28 29 30 31 32 33 34 35 36 37 38 39 40 41 42 43 44 45 46 47 48 49 50 51
 11.0822 9.95503 8.73645 7.24992 6.17131 4.41313 4.75136 3.27555 3.4236 2.12438 2.7019 3.08297 2.81973 2.29914 1.74828 1.8738 1.05144 0.972418 1.95287 3.48746 2.5813 3.23928 7.30161 3.90612 3.22236 4.8207 6.69039 1.15402 1.4798 1.49409 1.95857 0.851768 1.91713 1.56975 1.04825 1.89448 3.62973 0.947626 1.95581 1.41628 0.967523 0.760333 0.814048 1.39804 2.03661 0.635068 0.513312 0.546905 0.446218 3.54282
#_N_recruitment_years
42
#_Recruitment_start_at_1977_yearclass=1979_for_age_2_recruits 1979 1980 1981 1982 1983 1984 1985 1986 1987 1988 1989 1990 1991 1992 1993 1994 1995 1996 1997 1998 1999 2000 2001 2002 2003 2004 2005 2006 2007 2008 2009 2010 2011 2012 2013 2014 2015 2016 2017 2018 2019 2020
 42.1115 23.0059 20.1617 24.0191 32.814 42.0915 18.7815 65.6795 31.2505 15.7899 21.6427 24.3131 9.9761 21.1845 14.8848 13.5794 9.77019 52.2093 34.5578 21.1768 23.5353 40.3512 16.4381 12.0442 14.9698 7.7109 3.52736 3.49117 5.67771 4.83327 5.80819 6.52927 6.57136 5.30879 3.84246 5.70081 5.04059 6.8162 5.94543 7.82825 8.66456 9.83864
#_Spawners per recruitment (starting at 1977)
 21.2229 23.4911 26.4253 29.934 33.8145 37.5637 40.2306 42.9569 46.9631 51.6936 56.7109 61.6141 65.9138 69.6208 73.0068 75.1328 75.8993 77.8937 79.1423 79.971 81.0978 81.7056 81.6722 80.1376 79.3342 78.6352 78.1235 77.2549 77.0845 77.3251 77.3885 77.5746 77.4038 76.6842 75.2979 73.4431 70.2236 66.6584 63.127 59.6613 56.4613 54.1012 51.5731 48.9465
