# Number of parameters = 185 Objective function value = 248.644650649069  Maximum gradient component = 3.81892062801667e-05
# steepness:
0.599550000000
# log_Rzero:
4.30000000000
# log_mean_rec:
3.53034316449
# sigr:
1.50000000000
# log_fish_sel_coffs:
 0.00000000000 0.00000000000 0.00000000000 0.00000000000 0.00000000000 0.00000000000 0.00000000000 0.00000000000 0.00000000000 0.00000000000 0.00000000000
# a50:
8.18354933807
# delta:
1.88793601246
# log_srv1_sel_coffs:
 0.00000000000 0.00000000000 0.00000000000 0.00000000000 0.00000000000 0.00000000000 0.00000000000 0.00000000000 0.00000000000
# a50_srv1:
8.88591699798
# delta_srv1:
4.05889600496
# log_srv2_sel_coffs:
 0.00000000000 0.00000000000 0.00000000000 0.00000000000 0.00000000000 0.00000000000 0.00000000000 0.00000000000 0.00000000000
# a50_srv2:
7.30000000000
# delta_srv2:
3.80000000000
# log_avg_F:
-3.64334069023
# log_F_devs:
 -1.25582378514 0.166417214697 0.976551849345 1.69674873405 2.29778425167 1.91659944542 1.50673829532 1.39422984449 1.10458434588 0.626905892088 1.18572055031 1.21786996860 0.912182831991 0.802231154788 0.761328887117 0.605485188107 -0.774060886140 -1.05939534833 -1.02795703228 -0.951850782761 -0.432477980701 0.488163853115 0.360824744422 -1.00965925516 -2.81535361376 -2.61893774482 -2.01731856831 -1.23601972056 -0.958407500465 -0.889308138281 0.0386651101911 0.550742248327 0.0458551615141 0.242448424593 0.189454673215 -0.327598177424 -0.454420299863 -0.406869609433 0.177288200812 -0.282908506040 -0.330565872707 -0.269128264470 0.167298030335 0.0721139829553 0.00864560092942 0.0973483329250 -0.0720271612872 -0.0955231821119 -0.101361464768 -0.0867510730715 -0.175261797038 0.259560379978 0.278840207068 0.205945412658 0.181559123220 0.0976029193879 -0.481112386178 -0.188157619242 0.0138807563353 -0.0764202462876 -0.0307566892390 -0.222184636254
# Est_nsamples_fish_age:
50.0000000000
# Est_nsamples_srv1_age:
50.0000000000
# Est_nsamples_fish_size:
50.0000000000
# mat_a50:
10.6102154915
# mat_delta:
0.648929409576
# log_rec_dev:
 -1.19401053816 -1.19794508119 -1.20208810107 -1.20644635100 -1.21102927760 -1.21584863719 -1.22091498429 -1.22623575120 -1.23182366323 -1.23768595872 -1.24383349152 -1.25027579905 -1.25702413527 -1.26408650907 -1.27147503282 -1.27919605373 -1.28725835516 -1.29567090281 -1.30444126376 -1.31357636856 -1.32308101506 -1.33295937004 -1.34321382493 -1.35384308625 -1.36484732748 -1.37622294247 -1.38796201473 -1.40004980402 -1.41247571805 -1.42521575633 -1.43823732396 -1.45151028503 -1.46498576819 -1.47860571356 -1.49230006857 -1.50597758356 -1.51950227018 -1.53247471082 -1.54356467420 -1.54926557447 -1.54255200262 -1.51571883953 -1.47328268846 -1.44429562271 -1.44901539293 -1.45442859024 -1.41185940315 -1.31421564466 -1.17967889407 -1.02152003943 -0.983319628556 -1.15371608121 -1.29298194220 -1.27221795783 -1.16304814622 -1.03348284011 -0.809618156160 -0.600573781412 -0.685530099460 0.521136238497 -0.481095324984 -0.530044958374 -0.404937475809 -0.555645401376 -0.431642052205 0.654592263703 0.209978751624 -0.394590412702 -0.526559650264 -0.351493585714 -0.0394883480324 0.209502455526 -0.597472068605 0.654443929347 -0.0883069239230 -0.770970961350 -0.455676161557 -0.339326910006 -1.23015092852 -0.477071079710 -0.830003453200 -0.921790671995 -1.25100686970 0.424917043391 0.0122895843426 -0.477434734439 -0.371843240878 0.167279087487 -0.730738811986 -1.04176365657 -0.824305639607 -1.48770837666 -2.26979334157 -2.28010573156 -1.79379599928 -1.95482021775 -1.77107365838 -1.65404763078 -1.64762236763 -1.86097907980 -2.18423115906 -1.78973481749 -1.91282099889 -1.61104070398 -1.74772034267 -1.47260475385 -1.37110161418 -1.24402615147 -1.17286226186 -1.12500000537
# log_q_srv1:
-0.199945214480
# log_q_srv2:
0.00000000000
# cv_cpue:
0.00000000000
# logm:
-2.82343079188
# mF50:
0.0426417901046
# mF40:
0.0609406118111
# mF35:
0.0731584161518
