#Species name here:
Model_1_goa_nr_2020.dat
#SSL Species?
0
#Constant buffer of Dorn?
0
#Number of fisheries?
1
#Number of sexes?
1
#5year_Average_F(endyr-4,endyr_as_estimated_by_ADmodel)
0.0252491
#_Author_F_as_fraction_F_40%
1
#ABC SPR
0.4
#MSY SPR
0.35
#_Spawn_month
5
#_Number_of_ages
49
#_F_ratio(must_sum_to_one_only_one_fishery)
1
#_Natural_Mortality 2 3 4 5 6 7 8 9 10 11 12 13 14 15 16 17 18 19 20 21 22 23 24 25 26 27 28 29 30 31 32 33 34 35 36 37 38 39 40 41 42 43 44 45 46 47 48 49 50
 0.0589438 0.0589438 0.0589438 0.0589438 0.0589438 0.0589438 0.0589438 0.0589438 0.0589438 0.0589438 0.0589438 0.0589438 0.0589438 0.0589438 0.0589438 0.0589438 0.0589438 0.0589438 0.0589438 0.0589438 0.0589438 0.0589438 0.0589438 0.0589438 0.0589438 0.0589438 0.0589438 0.0589438 0.0589438 0.0589438 0.0589438 0.0589438 0.0589438 0.0589438 0.0589438 0.0589438 0.0589438 0.0589438 0.0589438 0.0589438 0.0589438 0.0589438 0.0589438 0.0589438 0.0589438 0.0589438 0.0589438 0.0589438 0.0589438
#_Maturity_divided_by_2(projection_program_uses_to_get_female_spawning_biomass_if_divide_by_2 2 3 4 5 6 7 8 9 10 11 12 13 14 15 16 17 18 19 20 21 22 23 24 25 26 27 28 29 30 31 32 33 34 35 36 37 38 39 40 41 42 43 44 45 46 47 48 49 50
 0.0037307 0.00711441 0.0135255 0.025565 0.0478021 0.0876418 0.155271 0.260203 0.402277 0.562901 0.711334 0.825029 0.900225 0.945249 0.970619 0.984427 0.9918 0.995698 0.997747 0.998821 0.999384 0.999678 0.999832 0.999912 0.999954 0.999976 0.999987 0.999993 0.999997 0.999998 0.999999 1 1 1 1 1 1 1 1 1 1 1 1 1 1 1 1 1 1
#_Wt_at_age_spawners 2 3 4 5 6 7 8 9 10 11 12 13 14 15 16 17 18 19 20 21 22 23 24 25 26 27 28 29 30 31 32 33 34 35 36 37 38 39 40 41 42 43 44 45 46 47 48 49 50
 27.7 73.8 138.4 215.1 297.6 380.9 461.4 536.8 605.8 667.7 722.5 770.6 812.3 848.3 879.1 905.4 927.8 946.8 962.8 976.3 987.7 997.3 1005.3 1012.1 1017.7 1022.5 1026.4 1029.8 1032.5 1034.9 1036.8 1038.4 1039.8 1040.9 1041.9 1042.7 1043.3 1043.9 1044.3 1044.7 1045 1045.3 1045.5 1045.7 1045.9 1046 1046.1 1046.2 1046.5
#_Wt_at_age_fishery 2 3 4 5 6 7 8 9 10 11 12 13 14 15 16 17 18 19 20 21 22 23 24 25 26 27 28 29 30 31 32 33 34 35 36 37 38 39 40 41 42 43 44 45 46 47 48 49 50
 27.7 73.8 138.4 215.1 297.6 380.9 461.4 536.8 605.8 667.7 722.5 770.6 812.3 848.3 879.1 905.4 927.8 946.8 962.8 976.3 987.7 997.3 1005.3 1012.1 1017.7 1022.5 1026.4 1029.8 1032.5 1034.9 1036.8 1038.4 1039.8 1040.9 1041.9 1042.7 1043.3 1043.9 1044.3 1044.7 1045 1045.3 1045.5 1045.7 1045.9 1046 1046.1 1046.2 1046.5
#_Selectivity_fishery_scaled_to_max_at_one 2 3 4 5 6 7 8 9 10 11 12 13 14 15 16 17 18 19 20 21 22 23 24 25 26 27 28 29 30 31 32 33 34 35 36 37 38 39 40 41 42 43 44 45 46 47 48 49 50
 5.60715e-05 0.000278308 0.00138015 0.00681456 0.0329413 0.144648 0.45639 0.806502 0.953901 0.990359 0.998043 0.999605 0.99992 0.999984 0.999997 0.999999 1 1 1 1 1 1 1 1 1 1 1 1 1 1 1 1 1 1 1 1 1 1 1 1 1 1 1 1 1 1 1 1 1
#_Numbers_at_age_end_year 2 3 4 5 6 7 8 9 10 11 12 13 14 15 16 17 18 19 20 21 22 23 24 25 26 27 28 29 30 31 32 33 34 35 36 37 38 39 40 41 42 43 44 45 46 47 48 49 50
 10.5913 9.12041 8.30675 6.62941 6.62052 4.77643 3.75844 2.84305 3.22188 2.94017 3.48559 3.12293 2.13077 2.02007 1.14337 1.04142 1.99301 3.80538 2.97693 3.73425 8.35835 4.58476 3.78527 5.70554 7.69992 1.36092 1.67873 1.64041 2.17048 1.00327 2.13427 1.69824 1.1876 2.23491 3.95953 1.18027 2.42061 1.46071 1.27922 0.67648 0.91187 1.7375 1.94323 1.1592 0.402684 0.691599 0.338246 0.510351 3.3532
#_N_recruitment_years
40
#_Recruitment_start_at_1977_yearclass=1979_for_age_2_recruits 1979 1980 1981 1982 1983 1984 1985 1986 1987 1988 1989 1990 1991 1992 1993 1994 1995 1996 1997 1998 1999 2000 2001 2002 2003 2004 2005 2006 2007 2008 2009 2010 2011 2012 2013 2014 2015 2016 2017 2018
 44.8732 22.1009 15.3908 27.2588 29.0603 44.755 20.1053 61.5569 31.6466 15.3449 20.0657 23.1769 10.0579 20.0922 13.9804 13.1684 9.84452 51.3282 34.9272 21.2302 23.5615 39.3756 16.1448 11.8287 13.9049 6.69636 3.21356 3.2279 5.19925 4.99761 6.68457 6.83003 5.29948 5.3562 4.36835 5.37972 6.42067 8.38277 7.9121 9.34615
#_Spawners per recruitment (starting at 1977)
 19.6309 21.8371 24.6752 28.0094 31.6248 35.057 37.4305 39.9491 43.8215 48.4667 53.4048 58.2117 62.4083 66.0331 69.3791 71.5331 72.3772 74.4127 75.6709 76.4653 77.5229 78.0504 77.9418 76.3509 75.5137 74.8151 74.3467 73.5725 73.5173 73.8774 74.0538 74.3237 74.2029 73.5011 72.1051 70.223 66.9805 63.4111 59.9067 56.5048 53.4016 51.1547
