# Number of parameters = 180 Objective function value = 249.488783678166  Maximum gradient component = 7.23973813326684e-05
# steepness:
0.599550000000
# log_Rzero:
4.30000000000
# log_mean_rec:
3.48503391523
# sigr:
1.50000000000
# log_fish_sel_coffs:
 0.00000000000 0.00000000000 0.00000000000 0.00000000000 0.00000000000 0.00000000000 0.00000000000 0.00000000000 0.00000000000 0.00000000000 0.00000000000
# a50:
8.10914524483
# delta:
1.83760590309
# log_srv1_sel_coffs:
 0.00000000000 0.00000000000 0.00000000000 0.00000000000 0.00000000000 0.00000000000 0.00000000000 0.00000000000 0.00000000000
# a50_srv1:
9.14541728525
# delta_srv1:
4.86695343759
# log_srv2_sel_coffs:
 0.00000000000 0.00000000000 0.00000000000 0.00000000000 0.00000000000 0.00000000000 0.00000000000 0.00000000000 0.00000000000
# a50_srv2:
7.30000000000
# delta_srv2:
3.80000000000
# log_avg_F:
-3.58622676252
# log_F_devs:
 -1.26226141920 0.162496674379 0.978481408950 1.71185492929 2.33771109287 1.96212161686 1.55267196073 1.42850320513 1.11509827086 0.621203262447 1.18089070079 1.22278161492 0.925919804021 0.820750254428 0.778695645726 0.610518776135 -0.783102398948 -1.07191398734 -1.03568146337 -0.950713215240 -0.424436682131 0.498407199490 0.364597441547 -1.01871960418 -2.82768810287 -2.63241134305 -2.02919966046 -1.24758902939 -0.972430857456 -0.906699381024 0.0163904059822 0.524727899528 0.0207011439474 0.218655054177 0.167696841119 -0.347001711114 -0.472043083678 -0.423302325445 0.163886870200 -0.294946368418 -0.342455416468 -0.284101689492 0.148047588296 0.0511957602071 -0.0130456959578 0.0738420624959 -0.0958186589326 -0.118335081961 -0.123659426150 -0.106739803140 -0.191892436730 0.245451396366 0.267678590882 0.197051763273 0.174369681408 0.0904465882219 -0.487194420166 -0.192929458403 0.0101147169914 0.0133531462252
# Est_nsamples_fish_age:
50.0000000000
# Est_nsamples_srv1_age:
50.0000000000
# Est_nsamples_fish_size:
50.0000000000
# mat_a50:
10.6102154992
# mat_delta:
0.648929387529
# log_rec_dev:
 -1.21381748679 -1.21874597033 -1.22392236329 -1.22935676099 -1.23505698250 -1.24103677797 -1.24730608567 -1.25387443077 -1.26075118922 -1.26794771902 -1.27547344715 -1.28333812611 -1.29155272252 -1.30012463758 -1.30906337557 -1.31837805824 -1.32807497804 -1.33815996075 -1.34864113751 -1.35952212600 -1.37080743109 -1.38249797127 -1.39459345003 -1.40707498679 -1.41989208009 -1.43276390611 -1.44479542885 -1.45425428117 -1.45979937479 -1.46222662331 -1.46293095892 -1.46439335029 -1.47599259815 -1.50256173959 -1.53085680795 -1.55146183405 -1.56938413113 -1.58419532527 -1.58304818612 -1.54513872439 -1.47154068456 -1.41288878041 -1.40486642177 -1.41969143498 -1.41471993431 -1.37309739869 -1.32296931428 -1.17030961529 -0.698313235388 -0.687016043251 -1.28891544184 -1.49629366192 -1.41441389273 -1.24909012849 -1.04521945013 -0.907510502465 -0.285640177795 -0.849780630731 0.451023234560 -0.426561132973 -0.910053585599 -0.273189968383 -0.902397234242 0.0638740959374 0.499620317592 0.318806946580 -0.389414562305 -0.751266545715 -0.179658583085 -0.115660798033 0.316169513722 -0.484052797939 0.634927823908 -0.0304024298704 -0.754252013178 -0.486024105779 -0.341878523671 -1.17667505591 -0.484702765452 -0.847374615932 -0.907217257606 -1.19811898142 0.453205550646 0.0682319192017 -0.429609928350 -0.325420149884 0.188111179244 -0.703437873019 -1.01450768357 -0.852795708161 -1.58346918040 -2.31765449804 -2.31320131876 -1.83651977529 -1.87607319750 -1.58523162861 -1.56370445488 -1.81742498215 -1.80677890112 -2.01064864468 -1.80239671016 -1.62551110273 -1.35885554314 -1.41664064747 -1.25006902873 -1.21557323504 -1.12499998134
# log_q_srv1:
-0.387500351464
# log_q_srv2:
0.00000000000
# cv_cpue:
0.00000000000
# logm:
-2.83117076166
# mF50:
0.0427014662274
# mF40:
0.0610488657856
# mF35:
0.0733008090621
