#Species name here:
Model_1_goa_nr_2020.dat
#SSL Species?
0
#Constant buffer of Dorn?
0
#Number of fisheries?
1
#Number of sexes?
1
#5year_Average_F(endyr-4,endyr_as_estimated_by_ADmodel)
0.0307469
#_Author_F_as_fraction_F_40%
1
#ABC SPR
0.4
#MSY SPR
0.35
#_Spawn_month
5
#_Number_of_ages
49
#_F_ratio(must_sum_to_one_only_one_fishery)
1
#_Natural_Mortality 2 3 4 5 6 7 8 9 10 11 12 13 14 15 16 17 18 19 20 21 22 23 24 25 26 27 28 29 30 31 32 33 34 35 36 37 38 39 40 41 42 43 44 45 46 47 48 49 50
 0.0592944 0.0592944 0.0592944 0.0592944 0.0592944 0.0592944 0.0592944 0.0592944 0.0592944 0.0592944 0.0592944 0.0592944 0.0592944 0.0592944 0.0592944 0.0592944 0.0592944 0.0592944 0.0592944 0.0592944 0.0592944 0.0592944 0.0592944 0.0592944 0.0592944 0.0592944 0.0592944 0.0592944 0.0592944 0.0592944 0.0592944 0.0592944 0.0592944 0.0592944 0.0592944 0.0592944 0.0592944 0.0592944 0.0592944 0.0592944 0.0592944 0.0592944 0.0592944 0.0592944 0.0592944 0.0592944 0.0592944 0.0592944 0.0592944
#_Maturity_divided_by_2(projection_program_uses_to_get_female_spawning_biomass_if_divide_by_2 2 3 4 5 6 7 8 9 10 11 12 13 14 15 16 17 18 19 20 21 22 23 24 25 26 27 28 29 30 31 32 33 34 35 36 37 38 39 40 41 42 43 44 45 46 47 48 49 50
 0.0037307 0.00711441 0.0135255 0.025565 0.0478021 0.0876418 0.155271 0.260203 0.402277 0.562901 0.711334 0.825029 0.900225 0.945249 0.970619 0.984427 0.9918 0.995698 0.997747 0.998821 0.999384 0.999678 0.999832 0.999912 0.999954 0.999976 0.999987 0.999993 0.999997 0.999998 0.999999 1 1 1 1 1 1 1 1 1 1 1 1 1 1 1 1 1 1
#_Wt_at_age_spawners 2 3 4 5 6 7 8 9 10 11 12 13 14 15 16 17 18 19 20 21 22 23 24 25 26 27 28 29 30 31 32 33 34 35 36 37 38 39 40 41 42 43 44 45 46 47 48 49 50
 27.7 73.8 138.4 215.1 297.6 380.9 461.4 536.8 605.8 667.7 722.5 770.6 812.3 848.3 879.1 905.4 927.8 946.8 962.8 976.3 987.7 997.3 1005.3 1012.1 1017.7 1022.5 1026.4 1029.8 1032.5 1034.9 1036.8 1038.4 1039.8 1040.9 1041.9 1042.7 1043.3 1043.9 1044.3 1044.7 1045 1045.3 1045.5 1045.7 1045.9 1046 1046.1 1046.2 1046.5
#_Wt_at_age_fishery 2 3 4 5 6 7 8 9 10 11 12 13 14 15 16 17 18 19 20 21 22 23 24 25 26 27 28 29 30 31 32 33 34 35 36 37 38 39 40 41 42 43 44 45 46 47 48 49 50
 27.7 73.8 138.4 215.1 297.6 380.9 461.4 536.8 605.8 667.7 722.5 770.6 812.3 848.3 879.1 905.4 927.8 946.8 962.8 976.3 987.7 997.3 1005.3 1012.1 1017.7 1022.5 1026.4 1029.8 1032.5 1034.9 1036.8 1038.4 1039.8 1040.9 1041.9 1042.7 1043.3 1043.9 1044.3 1044.7 1045 1045.3 1045.5 1045.7 1045.9 1046 1046.1 1046.2 1046.5
#_Selectivity_fishery_scaled_to_max_at_one 2 3 4 5 6 7 8 9 10 11 12 13 14 15 16 17 18 19 20 21 22 23 24 25 26 27 28 29 30 31 32 33 34 35 36 37 38 39 40 41 42 43 44 45 46 47 48 49 50
 5.39591e-05 0.000271036 0.00136023 0.0067967 0.0332381 0.147291 0.464617 0.813434 0.956342 0.990995 0.998195 0.99964 0.999928 0.999986 0.999997 0.999999 1 1 1 1 1 1 1 1 1 1 1 1 1 1 1 1 1 1 1 1 1 1 1 1 1 1 1 1 1 1 1 1 1
#_Numbers_at_age_end_year 2 3 4 5 6 7 8 9 10 11 12 13 14 15 16 17 18 19 20 21 22 23 24 25 26 27 28 29 30 31 32 33 34 35 36 37 38 39 40 41 42 43 44 45 46 47 48 49 50
 10.0715 8.65637 7.83091 6.18338 6.02593 4.24325 3.22175 2.37699 2.61968 2.38029 2.78908 2.50061 1.71972 1.62151 0.926886 0.847138 1.60689 3.05579 2.40508 3.01787 6.73939 3.7164 3.06642 4.6256 6.24849 1.11386 1.3633 1.34184 1.76421 0.826044 1.74019 1.3881 0.972686 1.82948 3.23409 0.975145 1.98436 1.1991 1.0467 0.555829 0.744553 1.41957 1.59597 0.956937 0.334547 0.578527 0.284129 0.427097 2.83697
#_N_recruitment_years
40
#_Recruitment_start_at_1977_yearclass=1979_for_age_2_recruits 1979 1980 1981 1982 1983 1984 1985 1986 1987 1988 1989 1990 1991 1992 1993 1994 1995 1996 1997 1998 1999 2000 2001 2002 2003 2004 2005 2006 2007 2008 2009 2010 2011 2012 2013 2014 2015 2016 2017 2018
 41.5899 20.4589 14.329 25.2555 26.9881 41.4584 18.7373 56.5616 29.0517 14.0505 18.2788 21.0021 9.18187 18.0655 12.6158 11.7629 8.83835 45.5605 30.8685 18.6763 20.6572 34.1982 13.9964 10.21 11.8807 5.72031 2.75704 2.74517 4.35088 4.17716 5.50633 5.58679 4.36161 4.4051 3.67628 4.62678 5.71542 7.64099 7.38761 8.81697
#_Spawners per recruitment (starting at 1977)
 18.771 20.9151 23.6644 26.8811 30.3513 33.6131 35.7885 38.07 41.654 45.9536 50.5004 54.8985 58.696 61.9393 64.9112 66.6821 67.1286 68.7598 69.6235 70.0619 70.8227 71.1133 70.8182 69.0766 68.1044 67.2618 66.6114 65.5904 65.2211 65.2235 65.0318 64.9555 64.5384 63.6179 62.1003 60.1969 57.0229 53.5944 50.2775 47.0853 44.1956 42.1583
