# Number of parameters = 180 Objective function value = 241.632385591951  Maximum gradient component = 7.85739691518244e-05
# steepness:
0.599550000000
# log_Rzero:
4.30000000000
# log_mean_rec:
3.43471329135
# sigr:
1.50000000000
# log_fish_sel_coffs:
 0.00000000000 0.00000000000 0.00000000000 0.00000000000 0.00000000000 0.00000000000 0.00000000000 0.00000000000 0.00000000000 0.00000000000 0.00000000000
# a50:
8.08782255323
# delta:
1.82403596864
# log_srv1_sel_coffs:
 0.00000000000 0.00000000000 0.00000000000 0.00000000000 0.00000000000 0.00000000000 0.00000000000 0.00000000000 0.00000000000
# a50_srv1:
8.92141091989
# delta_srv1:
4.58072140511
# log_srv2_sel_coffs:
 0.00000000000 0.00000000000 0.00000000000 0.00000000000 0.00000000000 0.00000000000 0.00000000000 0.00000000000 0.00000000000
# a50_srv2:
7.30000000000
# delta_srv2:
3.80000000000
# log_avg_F:
-3.49953162427
# log_F_devs:
 -1.31083464282 0.111431517556 0.924571624457 1.65392643132 2.27569133550 1.91280329082 1.50951506699 1.38472005922 1.06922738382 0.574038457881 1.13126630991 1.17388467278 0.878579523343 0.773419140757 0.730871228445 0.561995068550 -0.831195653380 -1.12219475447 -1.08613266763 -0.999760116145 -0.472022175011 0.453225733441 0.322969159326 -1.05611743486 -2.86166565082 -2.66279653923 -2.05679161844 -1.27293384597 -0.995621750174 -0.927826807220 -0.00166988743730 0.510919576648 0.0117580025072 0.214144525952 0.167329860920 -0.344477405657 -0.466788421247 -0.415407640181 0.174913331871 -0.280191047134 -0.324677532879 -0.263376567231 0.173855052294 0.0822658855475 0.0224189206978 0.114370359300 -0.0502612799466 -0.0677940521301 -0.0676171112434 -0.0458078926783 -0.126184345305 0.317057125432 0.346096934135 0.282483300087 0.266688320616 0.189785205097 -0.382509158466 -0.0833554822037 0.125289218059 0.134499970051
# Est_nsamples_fish_age:
50.0000000000
# Est_nsamples_srv1_age:
50.0000000000
# Est_nsamples_fish_size:
50.0000000000
# mat_a50:
10.6102154620
# mat_delta:
0.648929397071
# log_rec_dev:
 -1.20127207625 -1.20558228431 -1.21011657937 -1.21488361172 -1.21989264844 -1.22515496230 -1.23068211788 -1.23648203636 -1.24256565065 -1.24894278479 -1.25562448725 -1.26261976344 -1.26994022418 -1.27759305525 -1.28559021529 -1.29393911647 -1.30264823469 -1.31172561848 -1.32117826098 -1.33101154177 -1.34123244103 -1.35184143537 -1.36284380273 -1.37422164496 -1.38592302275 -1.39766477708 -1.40853292867 -1.41675190333 -1.42093165390 -1.42187656162 -1.42102386139 -1.42091696841 -1.43125582045 -1.45711252595 -1.48482978872 -1.50465031504 -1.52176113464 -1.53577662652 -1.53350377590 -1.49342630677 -1.41612900896 -1.35370368511 -1.34419036099 -1.35929623057 -1.35460221308 -1.31254703596 -1.26458080677 -1.11586233823 -0.623092690428 -0.621376374102 -1.25072725144 -1.45929560272 -1.37654880160 -1.21194871362 -1.01107361526 -0.883463320403 -0.252300374861 -0.846061014814 0.476531957881 -0.420460157303 -0.900952963572 -0.269179156906 -0.906708051738 0.0512193479915 0.480161801693 0.293145217187 -0.416293201647 -0.772427924436 -0.205671182954 -0.139318961624 0.289976601662 -0.504198024003 0.600617880901 -0.0656368471350 -0.792055114758 -0.528971471760 -0.390089987356 -1.21748274787 -0.540708606398 -0.899764837734 -0.969758989643 -1.25561267784 0.384328102521 -0.00497843334747 -0.507457101192 -0.406649784890 0.0974605192641 -0.795914557362 -1.11134628145 -0.959801217090 -1.69069061053 -2.42055509609 -2.42487134681 -1.96433481208 -2.00508254785 -1.72881563171 -1.71430900517 -1.96187304190 -1.95195120380 -2.13281231066 -1.90285288861 -1.69154491169 -1.40118564384 -1.43490920887 -1.25803524516 -1.21712168156 -1.12499996673
# log_q_srv1:
-0.380076835732
# log_q_srv2:
0.00000000000
# cv_cpue:
0.00000000000
# logm:
-2.82523981083
# mF50:
0.0428392969605
# mF40:
0.0612269466317
# mF35:
0.0735005091363
