# Number of parameters = 185 Objective function value = 443.716837217465  Maximum gradient component = 8.40233871367737e-05
# steepness:
0.599550000000
# log_Rzero:
4.30000000000
# log_mean_rec:
3.40931819601
# sigr:
1.50000000000
# log_fish_sel_coffs:
 0.00000000000 0.00000000000 0.00000000000 0.00000000000 0.00000000000 0.00000000000 0.00000000000 0.00000000000 0.00000000000 0.00000000000 0.00000000000
# a50:
8.23471059459
# delta:
1.97211315931
# log_srv1_sel_coffs:
 0.00000000000 0.00000000000 0.00000000000 0.00000000000 0.00000000000 0.00000000000 0.00000000000 0.00000000000 0.00000000000
# a50_srv1:
9.24730974791
# delta_srv1:
4.56107961716
# log_srv2_sel_coffs:
 0.00000000000 0.00000000000 0.00000000000 0.00000000000 0.00000000000 0.00000000000 0.00000000000 0.00000000000 0.00000000000
# a50_srv2:
7.30000000000
# delta_srv2:
3.80000000000
# log_avg_F:
-3.48352274914
# log_F_devs:
 -1.25599748556 0.174064689156 1.00011977722 1.75484212334 2.42500375276 2.07940950547 1.68539610587 1.56954895654 1.25813595758 0.751962194454 1.29454424276 1.32383926932 1.01566443493 0.900014325085 0.852937635811 0.688930291583 -0.704508781185 -1.00697421338 -0.994763181127 -0.933595649366 -0.422183509999 0.495698750289 0.367521263195 -1.00802501831 -2.82532979871 -2.64290032386 -2.05065715047 -1.27383725744 -0.998621714849 -0.932283724312 -0.00765974629224 0.504499089007 -0.000472994297144 0.194773559663 0.142155006921 -0.373798384017 -0.500355213160 -0.452268910627 0.133480480641 -0.325139714085 -0.373371145571 -0.313730441110 0.119611795855 0.0214660943782 -0.0445376702755 0.0428201091909 -0.128376857545 -0.154477635952 -0.162102251825 -0.148671264104 -0.237618230869 0.198254196438 0.220092998204 0.149561622010 0.127221295433 0.0447350290797 -0.532899482920 -0.239013330306 -0.0349503455810 -0.122454666475 -0.0734984212414 -0.261229117863
# Est_nsamples_fish_age:
50.0000000000
# Est_nsamples_srv1_age:
50.0000000000
# Est_nsamples_fish_size:
50.0000000000
# mat_a50:
10.6102154636
# mat_delta:
0.648929399751
# log_rec_dev:
 -1.20905315657 -1.21378719462 -1.21876416166 -1.22399192536 -1.22948067205 -1.23524362648 -1.24129185851 -1.24763425411 -1.25428117724 -1.26124329786 -1.26852920778 -1.27614988338 -1.28411443904 -1.29243330522 -1.30111565374 -1.31016735136 -1.31959759800 -1.32941176524 -1.33961804385 -1.35022032845 -1.36121788599 -1.37261694791 -1.38441390204 -1.39660204434 -1.40917875649 -1.42213272568 -1.43545019897 -1.44910947214 -1.46309060833 -1.47735877521 -1.49187078147 -1.50655930902 -1.52137878307 -1.53624784162 -1.55106883607 -1.56570231937 -1.57997156747 -1.59331883596 -1.60382685499 -1.60646238664 -1.59091552932 -1.54485034680 -1.47107511926 -1.40886063769 -1.39497653045 -1.38525979245 -1.30224187744 -1.14224554800 -0.963367330879 -0.732887128559 -0.686661699083 -1.03735730631 -1.25705559960 -1.22800296884 -1.09906213189 -1.01887046932 -0.818328498692 -0.560841353645 -0.742943309637 0.559834906719 -0.413493149979 -0.577610799194 -0.368291070097 -0.611558727257 -0.368406410472 0.677237715150 0.367151978364 -0.311110108150 -0.566663385223 -0.304198410348 -0.0441352824135 0.335150145234 -0.678939559272 0.735789704818 -0.0422142034428 -0.734956942386 -0.438942583653 -0.280064573262 -1.30294946605 -0.403452541415 -0.891766775232 -0.792236515153 -1.24406801184 0.529689766849 0.129660786218 -0.435936551693 -0.301801946010 0.250306939235 -0.592954652422 -0.976449739148 -0.706875610852 -1.36241682947 -2.34636876785 -2.33818747084 -1.68274055300 -1.97686261214 -1.60856501493 -1.54504751638 -1.65476081802 -1.77944355695 -2.30294885253 -1.77340829722 -1.92367157105 -1.63131699053 -1.99419390005 -1.65790485637 -1.54368245412 -1.35272998292 -1.23707338522 -1.12500023562
# log_q_srv1:
-0.0767649325286
# log_q_srv2:
0.00000000000
# cv_cpue:
0.00000000000
# logm:
-2.82101645538
# mF50:
0.0428866692734
# mF40:
0.0613204306394
# mF35:
0.0736375594956
