#Species name here:
Model_1_goa_nr_2022.dat
#SSL Species?
0
#Constant buffer of Dorn?
0
#Number of fisheries?
1
#Number of sexes?
1
#5year_Average_F(endyr-4,endyr_as_estimated_by_ADmodel)
0.0266287
#_Author_F_as_fraction_F_40%
1
#ABC SPR
0.4
#MSY SPR
0.35
#_Spawn_month
5
#_Number_of_ages
50
#_F_ratio(must_sum_to_one_only_one_fishery)
1
#_Natural_Mortality 2 3 4 5 6 7 8 9 10 11 12 13 14 15 16 17 18 19 20 21 22 23 24 25 26 27 28 29 30 31 32 33 34 35 36 37 38 39 40 41 42 43 44 45 46 47 48 49 50 51
 0.0595454 0.0595454 0.0595454 0.0595454 0.0595454 0.0595454 0.0595454 0.0595454 0.0595454 0.0595454 0.0595454 0.0595454 0.0595454 0.0595454 0.0595454 0.0595454 0.0595454 0.0595454 0.0595454 0.0595454 0.0595454 0.0595454 0.0595454 0.0595454 0.0595454 0.0595454 0.0595454 0.0595454 0.0595454 0.0595454 0.0595454 0.0595454 0.0595454 0.0595454 0.0595454 0.0595454 0.0595454 0.0595454 0.0595454 0.0595454 0.0595454 0.0595454 0.0595454 0.0595454 0.0595454 0.0595454 0.0595454 0.0595454 0.0595454 0.0595454
#_Maturity_divided_by_2(projection_program_uses_to_get_female_spawning_biomass_if_divide_by_2 2 3 4 5 6 7 8 9 10 11 12 13 14 15 16 17 18 19 20 21 22 23 24 25 26 27 28 29 30 31 32 33 34 35 36 37 38 39 40 41 42 43 44 45 46 47 48 49 50 51
 0.0037307 0.00711441 0.0135255 0.025565 0.0478021 0.0876418 0.155271 0.260203 0.402277 0.562901 0.711334 0.825029 0.900225 0.945249 0.970619 0.984427 0.9918 0.995698 0.997747 0.998821 0.999384 0.999678 0.999832 0.999912 0.999954 0.999976 0.999987 0.999993 0.999997 0.999998 0.999999 1 1 1 1 1 1 1 1 1 1 1 1 1 1 1 1 1 1 1
#_Wt_at_age_spawners 2 3 4 5 6 7 8 9 10 11 12 13 14 15 16 17 18 19 20 21 22 23 24 25 26 27 28 29 30 31 32 33 34 35 36 37 38 39 40 41 42 43 44 45 46 47 48 49 50 51
 29.7 74.4 136 209.2 288.5 369.4 448.5 523.6 593.2 656.6 713.6 764.2 808.7 847.7 881.5 910.8 936 957.7 976.2 992.1 1005.6 1017.1 1026.9 1035.2 1042.2 1048.2 1053.3 1057.6 1061.2 1064.3 1066.9 1069.1 1070.9 1072.5 1073.8 1074.9 1075.9 1076.7 1077.4 1077.9 1078.4 1078.8 1079.2 1079.5 1079.7 1079.9 1080.1 1080.2 1080.4 1080.8
#_Wt_at_age_fishery 2 3 4 5 6 7 8 9 10 11 12 13 14 15 16 17 18 19 20 21 22 23 24 25 26 27 28 29 30 31 32 33 34 35 36 37 38 39 40 41 42 43 44 45 46 47 48 49 50 51
 29.7 74.4 136 209.2 288.5 369.4 448.5 523.6 593.2 656.6 713.6 764.2 808.7 847.7 881.5 910.8 936 957.7 976.2 992.1 1005.6 1017.1 1026.9 1035.2 1042.2 1048.2 1053.3 1057.6 1061.2 1064.3 1066.9 1069.1 1070.9 1072.5 1073.8 1074.9 1075.9 1076.7 1077.4 1077.9 1078.4 1078.8 1079.2 1079.5 1079.7 1079.9 1080.1 1080.2 1080.4 1080.8
#_Selectivity_fishery_scaled_to_max_at_one 2 3 4 5 6 7 8 9 10 11 12 13 14 15 16 17 18 19 20 21 22 23 24 25 26 27 28 29 30 31 32 33 34 35 36 37 38 39 40 41 42 43 44 45 46 47 48 49 50 51
 9.0628e-05 0.000403222 0.00179208 0.00792682 0.0343398 0.136642 0.413278 0.758158 0.933121 0.984151 0.996395 0.999188 0.999817 0.999959 0.999991 0.999998 1 1 1 1 1 1 1 1 1 1 1 1 1 1 1 1 1 1 1 1 1 1 1 1 1 1 1 1 1 1 1 1 1 1
#_Numbers_at_age_end_year 2 3 4 5 6 7 8 9 10 11 12 13 14 15 16 17 18 19 20 21 22 23 24 25 26 27 28 29 30 31 32 33 34 35 36 37 38 39 40 41 42 43 44 45 46 47 48 49 50 51
 9.81899 8.27052 6.94126 5.40289 4.54007 3.05304 4.119 2.86358 3.06976 1.65988 2.57183 2.67786 2.74322 2.35274 1.48263 1.80902 0.854176 0.772901 1.89362 3.34592 2.34443 3.1544 6.712 3.53349 2.82384 4.54268 6.20522 0.967566 1.39856 1.16295 1.74041 0.651936 1.67002 1.30681 0.886755 1.61281 3.1887 0.704689 1.78291 1.13053 0.812116 0.584071 0.706895 1.30552 1.65975 0.537435 0.383871 0.446335 0.333297 2.70173
#_N_recruitment_years
42
#_Recruitment_start_at_1977_yearclass=1979_for_age_2_recruits 1979 1980 1981 1982 1983 1984 1985 1986 1987 1988 1989 1990 1991 1992 1993 1994 1995 1996 1997 1998 1999 2000 2001 2002 2003 2004 2005 2006 2007 2008 2009 2010 2011 2012 2013 2014 2015 2016 2017 2018 2019 2020
 43.6617 22.1582 17.1613 22.3119 28.9388 42.2865 15.3387 63.1244 28.9944 14.5031 19.4992 22.8569 8.21834 20.2037 12.3982 13.6957 8.71678 51.3676 34.4317 19.5579 22.3654 38.8468 16.716 11.3915 14.9161 7.74387 2.8949 2.91868 5.62138 4.18897 6.05421 6.45123 5.78089 5.10323 3.02336 5.13413 4.41782 5.91802 4.117 5.76274 6.46004 7.81925
#_Spawners per recruitment (starting at 1977)
 16.4802 18.6022 21.3244 24.5652 28.1405 31.5722 33.9294 36.351 40.0605 44.5205 49.3102 54.0348 58.1904 61.762 65.0077 66.9951 67.6243 69.4748 70.5901 71.3026 72.3391 72.8918 72.8387 71.3194 70.5656 69.9538 69.5663 68.8558 68.8528 69.2559 69.4748 69.8147 69.8116 69.2821 68.1086 66.4818 63.4973 60.1646 56.8629 53.6259 50.6524 48.5105 46.186 43.7404
