#Species name here:
Model_1_goa_nr_2022.dat
#SSL Species?
0
#Constant buffer of Dorn?
0
#Number of fisheries?
1
#Number of sexes?
1
#5year_Average_F(endyr-4,endyr_as_estimated_by_ADmodel)
0.0235389
#_Author_F_as_fraction_F_40%
1
#ABC SPR
0.4
#MSY SPR
0.35
#_Spawn_month
5
#_Number_of_ages
50
#_F_ratio(must_sum_to_one_only_one_fishery)
1
#_Natural_Mortality 2 3 4 5 6 7 8 9 10 11 12 13 14 15 16 17 18 19 20 21 22 23 24 25 26 27 28 29 30 31 32 33 34 35 36 37 38 39 40 41 42 43 44 45 46 47 48 49 50 51
 0.0593757 0.0593757 0.0593757 0.0593757 0.0593757 0.0593757 0.0593757 0.0593757 0.0593757 0.0593757 0.0593757 0.0593757 0.0593757 0.0593757 0.0593757 0.0593757 0.0593757 0.0593757 0.0593757 0.0593757 0.0593757 0.0593757 0.0593757 0.0593757 0.0593757 0.0593757 0.0593757 0.0593757 0.0593757 0.0593757 0.0593757 0.0593757 0.0593757 0.0593757 0.0593757 0.0593757 0.0593757 0.0593757 0.0593757 0.0593757 0.0593757 0.0593757 0.0593757 0.0593757 0.0593757 0.0593757 0.0593757 0.0593757 0.0593757 0.0593757
#_Maturity_divided_by_2(projection_program_uses_to_get_female_spawning_biomass_if_divide_by_2 2 3 4 5 6 7 8 9 10 11 12 13 14 15 16 17 18 19 20 21 22 23 24 25 26 27 28 29 30 31 32 33 34 35 36 37 38 39 40 41 42 43 44 45 46 47 48 49 50 51
 0.0037307 0.00711441 0.0135255 0.025565 0.0478021 0.0876418 0.155271 0.260203 0.402277 0.562901 0.711334 0.825029 0.900225 0.945249 0.970619 0.984427 0.9918 0.995698 0.997747 0.998821 0.999384 0.999678 0.999832 0.999912 0.999954 0.999976 0.999987 0.999993 0.999997 0.999998 0.999999 1 1 1 1 1 1 1 1 1 1 1 1 1 1 1 1 1 1 1
#_Wt_at_age_spawners 2 3 4 5 6 7 8 9 10 11 12 13 14 15 16 17 18 19 20 21 22 23 24 25 26 27 28 29 30 31 32 33 34 35 36 37 38 39 40 41 42 43 44 45 46 47 48 49 50 51
 29.7 74.4 136 209.2 288.5 369.4 448.5 523.6 593.2 656.6 713.6 764.2 808.7 847.7 881.5 910.8 936 957.7 976.2 992.1 1005.6 1017.1 1026.9 1035.2 1042.2 1048.2 1053.3 1057.6 1061.2 1064.3 1066.9 1069.1 1070.9 1072.5 1073.8 1074.9 1075.9 1076.7 1077.4 1077.9 1078.4 1078.8 1079.2 1079.5 1079.7 1079.9 1080.1 1080.2 1080.4 1080.8
#_Wt_at_age_fishery 2 3 4 5 6 7 8 9 10 11 12 13 14 15 16 17 18 19 20 21 22 23 24 25 26 27 28 29 30 31 32 33 34 35 36 37 38 39 40 41 42 43 44 45 46 47 48 49 50 51
 29.7 74.4 136 209.2 288.5 369.4 448.5 523.6 593.2 656.6 713.6 764.2 808.7 847.7 881.5 910.8 936 957.7 976.2 992.1 1005.6 1017.1 1026.9 1035.2 1042.2 1048.2 1053.3 1057.6 1061.2 1064.3 1066.9 1069.1 1070.9 1072.5 1073.8 1074.9 1075.9 1076.7 1077.4 1077.9 1078.4 1078.8 1079.2 1079.5 1079.7 1079.9 1080.1 1080.2 1080.4 1080.8
#_Selectivity_fishery_scaled_to_max_at_one 2 3 4 5 6 7 8 9 10 11 12 13 14 15 16 17 18 19 20 21 22 23 24 25 26 27 28 29 30 31 32 33 34 35 36 37 38 39 40 41 42 43 44 45 46 47 48 49 50 51
 6.48272e-05 0.000308255 0.00146442 0.00692696 0.0321104 0.136285 0.428727 0.781153 0.944373 0.987767 0.997403 0.999453 0.999885 0.999976 0.999995 0.999999 1 1 1 1 1 1 1 1 1 1 1 1 1 1 1 1 1 1 1 1 1 1 1 1 1 1 1 1 1 1 1 1 1 1
#_Numbers_at_age_end_year 2 3 4 5 6 7 8 9 10 11 12 13 14 15 16 17 18 19 20 21 22 23 24 25 26 27 28 29 30 31 32 33 34 35 36 37 38 39 40 41 42 43 44 45 46 47 48 49 50 51
 11.1149 9.98912 8.76952 7.28246 6.20437 4.44056 4.78934 3.30392 3.45785 2.14511 2.73061 3.11748 2.85185 2.32574 1.76798 1.89555 1.06283 0.9828 1.9744 3.52467 2.60664 3.27024 7.3667 3.93925 3.25 4.86215 6.75024 1.16429 1.49344 1.50786 1.97685 0.859419 1.93494 1.58407 1.05801 1.91136 3.66599 0.956429 1.97694 1.42842 0.973572 0.764952 0.819988 1.40688 2.05794 0.640484 0.51846 0.552526 0.450727 3.58151
#_N_recruitment_years
42
#_Recruitment_start_at_1977_yearclass=1979_for_age_2_recruits 1979 1980 1981 1982 1983 1984 1985 1986 1987 1988 1989 1990 1991 1992 1993 1994 1995 1996 1997 1998 1999 2000 2001 2002 2003 2004 2005 2006 2007 2008 2009 2010 2011 2012 2013 2014 2015 2016 2017 2018 2019 2020
 42.1164 23.0319 20.1608 24.0234 32.8974 42.2952 18.8462 65.9615 31.3561 15.8521 21.727 24.4152 10.0161 21.2793 14.9516 13.6423 9.81366 52.451 34.7112 21.274 23.645 40.5638 16.5381 12.1225 15.0826 7.77314 3.5553 3.52017 5.73074 4.87814 5.86542 6.59413 6.63681 5.35981 3.87693 5.75474 5.08257 6.86932 5.98155 7.86936 8.70277 9.87536
#_Spawners per recruitment (starting at 1977)
 21.3349 23.6105 26.5548 30.076 33.9708 37.7349 40.4164 43.1568 47.1772 51.9216 56.9519 61.8659 66.1739 69.8878 73.2818 75.4189 76.2009 78.212 79.4782 80.323 81.4635 82.0818 82.0565 80.5281 79.7299 79.0359 78.5303 77.6695 77.5094 77.7616 77.8371 78.0352 77.875 77.1644 75.7841 73.9315 70.7111 67.1422 63.6047 60.1316 56.9237 54.5554 52.0193 49.3846
