# Number of parameters = 185 Objective function value = 244.742890933094  Maximum gradient component = 6.65310000165931e-05
# steepness:
0.599550000000
# log_Rzero:
4.30000000000
# log_mean_rec:
3.42065755854
# sigr:
1.50000000000
# log_fish_sel_coffs:
 0.00000000000 0.00000000000 0.00000000000 0.00000000000 0.00000000000 0.00000000000 0.00000000000 0.00000000000 0.00000000000 0.00000000000 0.00000000000
# a50:
8.17149420451
# delta:
1.88198744376
# log_srv1_sel_coffs:
 0.00000000000 0.00000000000 0.00000000000 0.00000000000 0.00000000000 0.00000000000 0.00000000000 0.00000000000 0.00000000000
# a50_srv1:
8.78713785149
# delta_srv1:
3.91883562777
# log_srv2_sel_coffs:
 0.00000000000 0.00000000000 0.00000000000 0.00000000000 0.00000000000 0.00000000000 0.00000000000 0.00000000000 0.00000000000
# a50_srv2:
7.30000000000
# delta_srv2:
3.80000000000
# log_avg_F:
-3.47199333742
# log_F_devs:
 -1.34753226663 0.0721419066835 0.880321940495 1.59946126746 2.20438818855 1.84733651804 1.45122253363 1.34329347170 1.05514339583 0.576323056529 1.13199216453 1.16700233442 0.865179060090 0.756371901300 0.715753543030 0.559973753479 -0.820251852413 -1.11124575870 -1.08376172759 -1.00896519562 -0.489818800020 0.432630211149 0.308794606943 -1.06014540199 -2.86607509487 -2.66964508313 -2.06767500678 -1.28568661598 -1.00682263029 -0.935729984117 -0.00446928029391 0.513521571298 0.0162599593754 0.219018009553 0.172103533506 -0.340669894083 -0.463656075960 -0.412286108079 0.178658491899 -0.276634522844 -0.320400180009 -0.254272703396 0.188753711756 0.101029953639 0.0441422930844 0.140152008631 -0.0223800717410 -0.0391000163589 -0.0380924753048 -0.0166127665004 -0.0983700013326 0.344800796105 0.374113615962 0.311868679368 0.297583514092 0.224027955013 -0.346490855172 -0.0467348929696 0.164080820476 0.0832772331551 0.138249860244 -0.0454453119229
# Est_nsamples_fish_age:
50.0000000000
# Est_nsamples_srv1_age:
50.0000000000
# Est_nsamples_fish_size:
50.0000000000
# mat_a50:
10.6102155327
# mat_delta:
0.648929393696
# log_rec_dev:
 -1.17853469991 -1.18164205896 -1.18491952800 -1.18837396432 -1.19201314240 -1.19584773474 -1.19988661356 -1.20413748459 -1.20861050208 -1.21331438186 -1.21825842067 -1.22345175341 -1.22890424707 -1.23462575127 -1.24062552149 -1.24691274819 -1.25349481936 -1.26038260898 -1.26758250404 -1.27510324782 -1.28295004744 -1.29113040240 -1.29964651412 -1.30850079848 -1.31769434028 -1.32722692775 -1.33709249840 -1.34728310728 -1.35778817667 -1.36859137751 -1.37966395691 -1.39098042708 -1.40250069502 -1.41417119540 -1.42593017996 -1.43769492814 -1.44933844277 -1.46046298430 -1.46970804554 -1.47343979233 -1.46430335221 -1.43398822835 -1.38665130079 -1.35318385777 -1.35665524895 -1.36286693512 -1.31956935700 -1.21840490581 -1.07959822330 -0.914669593539 -0.883827522155 -1.08063099417 -1.23415496812 -1.22012382893 -1.11728150068 -0.996228046558 -0.777661382261 -0.577617229091 -0.684362154357 0.545845932239 -0.485455319798 -0.519689361207 -0.393503451354 -0.554193667803 -0.430763380041 0.650131162180 0.203629847953 -0.403679000489 -0.537030904263 -0.364229846328 -0.0577749043701 0.182667855752 -0.611135065878 0.615983562403 -0.133532613616 -0.815905690775 -0.510337548706 -0.402787395925 -1.28202278000 -0.551813670258 -0.901133637264 -1.00500327758 -1.32427768684 0.334564219062 -0.0811093126659 -0.576629606006 -0.475108448865 0.0526929380037 -0.846122821252 -1.16143241281 -0.957433377779 -1.62197255439 -2.39809735487 -2.41868534455 -1.95456159097 -2.11382287736 -1.94647528781 -1.83859121177 -1.83994202247 -2.05326418700 -2.36575323057 -1.99052059035 -2.08020672747 -1.75595171653 -1.83604987021 -1.53308722023 -1.40495079148 -1.26050479636 -1.18058836965 -1.12499997975
# log_q_srv1:
-0.263630248645
# log_q_srv2:
0.00000000000
# cv_cpue:
0.00000000000
# logm:
-2.82089754445
# mF50:
0.0426914216025
# mF40:
0.0610017333132
# mF35:
0.0732244328713
