#Species name here:
Model_1_goa_nr_2022.dat
#SSL Species?
0
#Constant buffer of Dorn?
0
#Number of fisheries?
1
#Number of sexes?
1
#5year_Average_F(endyr-4,endyr_as_estimated_by_ADmodel)
0.0330633
#_Author_F_as_fraction_F_40%
1
#ABC SPR
0.4
#MSY SPR
0.35
#_Spawn_month
5
#_Number_of_ages
50
#_F_ratio(must_sum_to_one_only_one_fishery)
1
#_Natural_Mortality 2 3 4 5 6 7 8 9 10 11 12 13 14 15 16 17 18 19 20 21 22 23 24 25 26 27 28 29 30 31 32 33 34 35 36 37 38 39 40 41 42 43 44 45 46 47 48 49 50 51
 0.0595525 0.0595525 0.0595525 0.0595525 0.0595525 0.0595525 0.0595525 0.0595525 0.0595525 0.0595525 0.0595525 0.0595525 0.0595525 0.0595525 0.0595525 0.0595525 0.0595525 0.0595525 0.0595525 0.0595525 0.0595525 0.0595525 0.0595525 0.0595525 0.0595525 0.0595525 0.0595525 0.0595525 0.0595525 0.0595525 0.0595525 0.0595525 0.0595525 0.0595525 0.0595525 0.0595525 0.0595525 0.0595525 0.0595525 0.0595525 0.0595525 0.0595525 0.0595525 0.0595525 0.0595525 0.0595525 0.0595525 0.0595525 0.0595525 0.0595525
#_Maturity_divided_by_2(projection_program_uses_to_get_female_spawning_biomass_if_divide_by_2 2 3 4 5 6 7 8 9 10 11 12 13 14 15 16 17 18 19 20 21 22 23 24 25 26 27 28 29 30 31 32 33 34 35 36 37 38 39 40 41 42 43 44 45 46 47 48 49 50 51
 0.0037307 0.00711441 0.0135255 0.025565 0.0478021 0.0876418 0.155271 0.260203 0.402277 0.562901 0.711334 0.825029 0.900225 0.945249 0.970619 0.984427 0.9918 0.995698 0.997747 0.998821 0.999384 0.999678 0.999832 0.999912 0.999954 0.999976 0.999987 0.999993 0.999997 0.999998 0.999999 1 1 1 1 1 1 1 1 1 1 1 1 1 1 1 1 1 1 1
#_Wt_at_age_spawners 2 3 4 5 6 7 8 9 10 11 12 13 14 15 16 17 18 19 20 21 22 23 24 25 26 27 28 29 30 31 32 33 34 35 36 37 38 39 40 41 42 43 44 45 46 47 48 49 50 51
 29.7 74.4 136 209.2 288.5 369.4 448.5 523.6 593.2 656.6 713.6 764.2 808.7 847.7 881.5 910.8 936 957.7 976.2 992.1 1005.6 1017.1 1026.9 1035.2 1042.2 1048.2 1053.3 1057.6 1061.2 1064.3 1066.9 1069.1 1070.9 1072.5 1073.8 1074.9 1075.9 1076.7 1077.4 1077.9 1078.4 1078.8 1079.2 1079.5 1079.7 1079.9 1080.1 1080.2 1080.4 1080.8
#_Wt_at_age_fishery 2 3 4 5 6 7 8 9 10 11 12 13 14 15 16 17 18 19 20 21 22 23 24 25 26 27 28 29 30 31 32 33 34 35 36 37 38 39 40 41 42 43 44 45 46 47 48 49 50 51
 29.7 74.4 136 209.2 288.5 369.4 448.5 523.6 593.2 656.6 713.6 764.2 808.7 847.7 881.5 910.8 936 957.7 976.2 992.1 1005.6 1017.1 1026.9 1035.2 1042.2 1048.2 1053.3 1057.6 1061.2 1064.3 1066.9 1069.1 1070.9 1072.5 1073.8 1074.9 1075.9 1076.7 1077.4 1077.9 1078.4 1078.8 1079.2 1079.5 1079.7 1079.9 1080.1 1080.2 1080.4 1080.8
#_Selectivity_fishery_scaled_to_max_at_one 2 3 4 5 6 7 8 9 10 11 12 13 14 15 16 17 18 19 20 21 22 23 24 25 26 27 28 29 30 31 32 33 34 35 36 37 38 39 40 41 42 43 44 45 46 47 48 49 50 51
 6.40661e-05 0.000306191 0.00146204 0.00695082 0.0323774 0.1379 0.433322 0.785199 0.945872 0.988171 0.997502 0.999476 0.99989 0.999977 0.999995 0.999999 1 1 1 1 1 1 1 1 1 1 1 1 1 1 1 1 1 1 1 1 1 1 1 1 1 1 1 1 1 1 1 1 1 1
#_Numbers_at_age_end_year 2 3 4 5 6 7 8 9 10 11 12 13 14 15 16 17 18 19 20 21 22 23 24 25 26 27 28 29 30 31 32 33 34 35 36 37 38 39 40 41 42 43 44 45 46 47 48 49 50 51
 9.93096 8.85086 7.69857 6.27758 5.20204 3.61609 3.67324 2.46463 2.47159 1.54914 1.93185 2.18634 1.99836 1.62865 1.24607 1.31948 0.749585 0.694431 1.3763 2.44425 1.82191 2.28156 5.11367 2.74879 2.26235 3.38322 4.68386 0.818038 1.03411 1.05199 1.36804 0.606434 1.34428 1.10568 0.741895 1.33362 2.55934 0.68178 1.38426 1.00899 0.692173 0.54466 0.583551 1.00422 1.46366 0.457566 0.368598 0.395265 0.321394 2.52529
#_N_recruitment_years
42
#_Recruitment_start_at_1977_yearclass=1979_for_age_2_recruits 1979 1980 1981 1982 1983 1984 1985 1986 1987 1988 1989 1990 1991 1992 1993 1994 1995 1996 1997 1998 1999 2000 2001 2002 2003 2004 2005 2006 2007 2008 2009 2010 2011 2012 2013 2014 2015 2016 2017 2018 2019 2020
 37.498 20.4295 17.879 21.2515 28.8723 36.7201 16.602 56.6358 26.7658 13.5279 18.3627 20.4477 8.48784 17.6166 12.4227 11.1971 8.13666 42.7437 28.2064 17.1848 19.0211 32.2446 13.1252 9.57567 11.7426 6.0417 2.7803 2.72365 4.33229 3.69446 4.36746 4.865 4.85843 3.92511 2.8717 4.17927 3.82077 5.28412 4.87738 6.60331 7.50603 8.67246
#_Spawners per recruitment (starting at 1977)
 18.5385 20.6239 23.3108 26.5077 30.0256 33.3851 35.6517 37.9574 41.5022 45.7184 50.1785 54.5155 58.2722 61.4634 64.3387 65.9322 66.1315 67.5317 68.19 68.4802 69.1584 69.4123 69.1068 67.3546 66.3675 65.4788 64.7268 63.5285 62.9336 62.6891 62.2568 61.9838 61.43 60.4441 58.9345 57.1042 54.0437 50.7472 47.5575 44.4728 41.6643 39.6896 37.5357 35.2736
