#Species name here:
Model_1_goa_nr_2020.dat
#SSL Species?
0
#Constant buffer of Dorn?
0
#Number of fisheries?
1
#Number of sexes?
1
#5year_Average_F(endyr-4,endyr_as_estimated_by_ADmodel)
0.0251413
#_Author_F_as_fraction_F_40%
1
#ABC SPR
0.4
#MSY SPR
0.35
#_Spawn_month
5
#_Number_of_ages
50
#_F_ratio(must_sum_to_one_only_one_fishery)
1
#_Natural_Mortality 2 3 4 5 6 7 8 9 10 11 12 13 14 15 16 17 18 19 20 21 22 23 24 25 26 27 28 29 30 31 32 33 34 35 36 37 38 39 40 41 42 43 44 45 46 47 48 49 50 51
 0.0589103 0.0589103 0.0589103 0.0589103 0.0589103 0.0589103 0.0589103 0.0589103 0.0589103 0.0589103 0.0589103 0.0589103 0.0589103 0.0589103 0.0589103 0.0589103 0.0589103 0.0589103 0.0589103 0.0589103 0.0589103 0.0589103 0.0589103 0.0589103 0.0589103 0.0589103 0.0589103 0.0589103 0.0589103 0.0589103 0.0589103 0.0589103 0.0589103 0.0589103 0.0589103 0.0589103 0.0589103 0.0589103 0.0589103 0.0589103 0.0589103 0.0589103 0.0589103 0.0589103 0.0589103 0.0589103 0.0589103 0.0589103 0.0589103 0.0589103
#_Maturity_divided_by_2(projection_program_uses_to_get_female_spawning_biomass_if_divide_by_2 2 3 4 5 6 7 8 9 10 11 12 13 14 15 16 17 18 19 20 21 22 23 24 25 26 27 28 29 30 31 32 33 34 35 36 37 38 39 40 41 42 43 44 45 46 47 48 49 50 51
 0.0037307 0.00711441 0.0135255 0.025565 0.0478021 0.0876418 0.155271 0.260203 0.402277 0.562901 0.711334 0.825029 0.900225 0.945249 0.970619 0.984427 0.9918 0.995698 0.997747 0.998821 0.999384 0.999678 0.999832 0.999912 0.999954 0.999976 0.999987 0.999993 0.999997 0.999998 0.999999 1 1 1 1 1 1 1 1 1 1 1 1 1 1 1 1 1 1 1
#_Wt_at_age_spawners 2 3 4 5 6 7 8 9 10 11 12 13 14 15 16 17 18 19 20 21 22 23 24 25 26 27 28 29 30 31 32 33 34 35 36 37 38 39 40 41 42 43 44 45 46 47 48 49 50 51
 27.7 73.8 138.4 215.1 297.6 380.9 461.4 536.8 605.8 667.7 722.5 770.6 812.3 848.3 879.1 905.4 927.8 946.8 962.8 976.3 987.7 997.3 1005.3 1012.1 1017.7 1022.5 1026.4 1029.8 1032.5 1034.9 1036.8 1038.4 1039.8 1040.9 1041.9 1042.7 1043.3 1043.9 1044.3 1044.7 1045 1045.3 1045.5 1045.7 1045.9 1046 1046.1 1046.2 1046.3 1046.5
#_Wt_at_age_fishery 2 3 4 5 6 7 8 9 10 11 12 13 14 15 16 17 18 19 20 21 22 23 24 25 26 27 28 29 30 31 32 33 34 35 36 37 38 39 40 41 42 43 44 45 46 47 48 49 50 51
 27.7 73.8 138.4 215.1 297.6 380.9 461.4 536.8 605.8 667.7 722.5 770.6 812.3 848.3 879.1 905.4 927.8 946.8 962.8 976.3 987.7 997.3 1005.3 1012.1 1017.7 1022.5 1026.4 1029.8 1032.5 1034.9 1036.8 1038.4 1039.8 1040.9 1041.9 1042.7 1043.3 1043.9 1044.3 1044.7 1045 1045.3 1045.5 1045.7 1045.9 1046 1046.1 1046.2 1046.3 1046.5
#_Selectivity_fishery_scaled_to_max_at_one 2 3 4 5 6 7 8 9 10 11 12 13 14 15 16 17 18 19 20 21 22 23 24 25 26 27 28 29 30 31 32 33 34 35 36 37 38 39 40 41 42 43 44 45 46 47 48 49 50 51
 5.63669e-05 0.000279454 0.00138424 0.00682686 0.0329626 0.144589 0.455987 0.806069 0.953728 0.990311 0.998031 0.999602 0.99992 0.999984 0.999997 0.999999 1 1 1 1 1 1 1 1 1 1 1 1 1 1 1 1 1 1 1 1 1 1 1 1 1 1 1 1 1 1 1 1 1 1
#_Numbers_at_age_end_year 2 3 4 5 6 7 8 9 10 11 12 13 14 15 16 17 18 19 20 21 22 23 24 25 26 27 28 29 30 31 32 33 34 35 36 37 38 39 40 41 42 43 44 45 46 47 48 49 50 51
 10.6154 9.14256 8.33665 6.63848 6.67331 4.77883 3.77618 2.85427 3.23269 2.94125 3.51114 3.15234 2.12478 2.04007 1.14904 1.02528 1.97414 3.8778 2.9386 3.64139 8.57973 4.57449 3.72479 5.70435 7.90193 1.31093 1.66879 1.62067 2.21971 0.977696 2.14864 1.715 1.13638 2.2469 4.06272 1.11651 2.48848 1.51592 1.22945 0.66894 0.841768 1.7741 2.07267 1.1286 0.410876 0.641836 0.334196 0.482909 1.20907 2.20615
#_N_recruitment_years
40
#_Recruitment_start_at_1977_yearclass=1979_for_age_2_recruits 1979 1980 1981 1982 1983 1984 1985 1986 1987 1988 1989 1990 1991 1992 1993 1994 1995 1996 1997 1998 1999 2000 2001 2002 2003 2004 2005 2006 2007 2008 2009 2010 2011 2012 2013 2014 2015 2016 2017 2018
 45.6478 20.3264 15.1635 26.1032 30.0502 45.8459 18.9524 62.9449 31.7109 14.636 20.201 23.263 9.77299 20.4896 13.7742 13.0555 9.45837 52.543 34.836 20.8431 23.4576 40.3353 15.7128 11.6551 14.1453 6.62241 3.15908 3.23957 5.24449 4.97845 6.74169 6.87522 5.29839 5.37176 4.38418 5.4039 6.4228 8.44847 7.92212 9.37917
#_Spawners per recruitment (starting at 1977)
 19.5093 21.7204 24.5847 27.9632 31.6213 35.0715 37.4297 39.9233 43.7893 48.4571 53.4388 58.2842 62.4952 66.1147 69.4563 71.621 72.4916 74.5596 75.847 76.6599 77.7245 78.2507 78.1375 76.541 75.6991 74.9977 74.5313 73.7667 73.7261 74.1009 74.29 74.571 74.4586 73.7608 72.364 70.4775 67.2285 63.6516 60.14 56.7317 53.6231 51.3715
