# Number of obs
61
# Age vector
2
3
4
5
6
7
8
9
10
11
12
13
14
15
16
17
18
19
20
21
22
23
24
25
26
27
28
29
30
31
32
33
34
35
36
37
38
39
40
41
42
43
44
45
46
47
48
49
50
51
52
53
54
55
56
57
58
59
60
61
62
# Percent agreement vector
1
0.571428571428571
0.666666666666667
0.852941176470588
0.625
0.608695652173913
0.526717557251908
0.611570247933884
0.631578947368421
0.436046511627907
0.450867052023121
0.477611940298508
0.306451612903226
0.384057971014493
0.333333333333333
0.314285714285714
0.448717948717949
0.354166666666667
0.302325581395349
0.255555555555556
0.294117647058823
0.328571428571429
0.36
0.317073170731707
0.283018867924528
0.203703703703704
0.23728813559322
0.240740740740741
0.263157894736842
0.162790697674419
0.125
0.238095238095238
0.3
0.176470588235294
0.225806451612903
0.161290322580645
0.0869565217391305
0.1875
0
0.1
0.153846153846154
0.0769230769230769
0.153846153846154
0.2
0
0
0.25
0
0
0
0
-9
0
-9
-9
-9
-9
-9
-9
-9
0
# Sample size vector
3
14
15
34
48
92
131
121
152
172
173
134
124
138
123
105
78
96
86
90
85
70
75
82
53
54
59
54
76
43
48
42
40
34
31
31
23
32
11
10
13
13
13
5
4
5
4
2
1
1
1
-9
1
-9
-9
-9
-9
-9
-9
-9
1
