# Number of parameters = 185 Objective function value = 253.993529726060  Maximum gradient component = 8.83622089016442e-05
# steepness:
0.599550000000
# log_Rzero:
4.30000000000
# log_mean_rec:
3.51450589321
# sigr:
1.50000000000
# log_fish_sel_coffs:
 0.00000000000 0.00000000000 0.00000000000 0.00000000000 0.00000000000 0.00000000000 0.00000000000 0.00000000000 0.00000000000 0.00000000000 0.00000000000
# a50:
8.19767296519
# delta:
1.89808013883
# log_srv1_sel_coffs:
 0.00000000000 0.00000000000 0.00000000000 0.00000000000 0.00000000000 0.00000000000 0.00000000000 0.00000000000 0.00000000000
# a50_srv1:
9.05577955592
# delta_srv1:
4.28607346462
# log_srv2_sel_coffs:
 0.00000000000 0.00000000000 0.00000000000 0.00000000000 0.00000000000 0.00000000000 0.00000000000 0.00000000000 0.00000000000
# a50_srv2:
7.30000000000
# delta_srv2:
3.80000000000
# log_avg_F:
-3.63273532225
# log_F_devs:
 -1.25859271021 0.164971586016 0.977338850796 1.70182372650 2.31052595713 1.93132264313 1.52380571366 1.41439344702 1.12706779213 0.650582153668 1.21211647771 1.24692350216 0.943017911413 0.834747139906 0.795488765062 0.640712791041 -0.739792137016 -1.02526557317 -0.995072506080 -0.921232897836 -0.403693916173 0.515653473136 0.386618922452 -0.988374446335 -2.79915423141 -2.60782165306 -2.00991885693 -1.23162486756 -0.956547813101 -0.889771646108 0.0353454915489 0.544943842408 0.0400169600670 0.234945194582 0.180804554877 -0.336837335127 -0.464548071151 -0.417809575738 0.166733917936 -0.294484756593 -0.342759778227 -0.281594048897 0.154672318172 0.0586508580766 -0.00518642089001 0.0828921115896 -0.0875864915858 -0.112207922854 -0.121151886892 -0.107663699285 -0.197099451245 0.236175192836 0.254039765821 0.180072626247 0.154890241740 0.0697069968921 -0.509679125021 -0.218062283278 -0.0171900500430 -0.108865802337 -0.0644381046416 -0.256974905088
# Est_nsamples_fish_age:
50.0000000000
# Est_nsamples_srv1_age:
50.0000000000
# Est_nsamples_fish_size:
50.0000000000
# mat_a50:
10.6102155032
# mat_delta:
0.648929401880
# log_rec_dev:
 -1.19842850784 -1.20256458371 -1.20691553910 -1.21148905002 -1.21629395811 -1.22134263955 -1.22664501173 -1.23220957381 -1.23804688054 -1.24416635393 -1.25057737831 -1.25728884506 -1.26431293639 -1.27165710259 -1.27933194114 -1.28734512957 -1.29570381916 -1.30441699437 -1.31349185708 -1.32293279213 -1.33274623011 -1.34293525863 -1.35349968790 -1.36443304555 -1.37574147616 -1.38741951601 -1.39945416255 -1.41183229394 -1.42453835529 -1.43754663857 -1.45082179206 -1.46433093335 -1.47802233045 -1.49183490695 -1.50569007034 -1.51949390907 -1.53310141557 -1.54611296608 -1.55720086252 -1.56287827048 -1.55619166102 -1.52953929516 -1.48747626683 -1.45867328042 -1.46310371967 -1.46835035405 -1.42620104504 -1.32945567038 -1.19646420560 -1.04098227570 -1.00380256826 -1.17192600347 -1.31095662685 -1.29200447870 -1.18507644801 -1.05718963274 -0.837382426758 -0.626597858404 -0.687456264838 0.483659833617 -0.472616631620 -0.544983018745 -0.416974576490 -0.550957038468 -0.439106665016 0.681268750164 0.233958526541 -0.372159859304 -0.503868121627 -0.329459409242 -0.0151356355926 0.227931939704 -0.584959585621 0.674958438897 -0.0741407523248 -0.756108262564 -0.438195192615 -0.323205886486 -1.21814233960 -0.459282802280 -0.816820332089 -0.905627295694 -1.23569922004 0.440562685542 0.0296245526704 -0.459514037330 -0.352789710034 0.190560312876 -0.703684486194 -1.01312731488 -0.790046411328 -1.45125267266 -2.23580373669 -2.24165305667 -1.75115564396 -1.91304939929 -1.72542178514 -1.60574180096 -1.59880714018 -1.81290457234 -2.13770616897 -1.73745674155 -1.87159713078 -1.58015197332 -1.73882003238 -1.47452433231 -1.38037054628 -1.25215081412 -1.18018453863 -1.12499987276
# log_q_srv1:
-0.321190388007
# log_q_srv2:
0.00000000000
# cv_cpue:
0.00000000000
# logm:
-2.83104147310
# mF50:
0.0424227961637
# mF40:
0.0606427978600
# mF35:
0.0728119162658
