#Species name here:
Model_1_goa_nr_2022.dat
#SSL Species?
0
#Constant buffer of Dorn?
0
#Number of fisheries?
1
#Number of sexes?
1
#5year_Average_F(endyr-4,endyr_as_estimated_by_ADmodel)
0.0232433
#_Author_F_as_fraction_F_40%
1
#ABC SPR
0.4
#MSY SPR
0.35
#_Spawn_month
5
#_Number_of_ages
50
#_F_ratio(must_sum_to_one_only_one_fishery)
1
#_Natural_Mortality 2 3 4 5 6 7 8 9 10 11 12 13 14 15 16 17 18 19 20 21 22 23 24 25 26 27 28 29 30 31 32 33 34 35 36 37 38 39 40 41 42 43 44 45 46 47 48 49 50 51
 0.0589514 0.0589514 0.0589514 0.0589514 0.0589514 0.0589514 0.0589514 0.0589514 0.0589514 0.0589514 0.0589514 0.0589514 0.0589514 0.0589514 0.0589514 0.0589514 0.0589514 0.0589514 0.0589514 0.0589514 0.0589514 0.0589514 0.0589514 0.0589514 0.0589514 0.0589514 0.0589514 0.0589514 0.0589514 0.0589514 0.0589514 0.0589514 0.0589514 0.0589514 0.0589514 0.0589514 0.0589514 0.0589514 0.0589514 0.0589514 0.0589514 0.0589514 0.0589514 0.0589514 0.0589514 0.0589514 0.0589514 0.0589514 0.0589514 0.0589514
#_Maturity_divided_by_2(projection_program_uses_to_get_female_spawning_biomass_if_divide_by_2 2 3 4 5 6 7 8 9 10 11 12 13 14 15 16 17 18 19 20 21 22 23 24 25 26 27 28 29 30 31 32 33 34 35 36 37 38 39 40 41 42 43 44 45 46 47 48 49 50 51
 0.0037307 0.00711441 0.0135255 0.025565 0.0478021 0.0876418 0.155271 0.260203 0.402277 0.562901 0.711334 0.825029 0.900225 0.945249 0.970619 0.984427 0.9918 0.995698 0.997747 0.998821 0.999384 0.999678 0.999832 0.999912 0.999954 0.999976 0.999987 0.999993 0.999997 0.999998 0.999999 1 1 1 1 1 1 1 1 1 1 1 1 1 1 1 1 1 1 1
#_Wt_at_age_spawners 2 3 4 5 6 7 8 9 10 11 12 13 14 15 16 17 18 19 20 21 22 23 24 25 26 27 28 29 30 31 32 33 34 35 36 37 38 39 40 41 42 43 44 45 46 47 48 49 50 51
 29.7 74.4 136 209.2 288.5 369.4 448.5 523.6 593.2 656.6 713.6 764.2 808.7 847.7 881.5 910.8 936 957.7 976.2 992.1 1005.6 1017.1 1026.9 1035.2 1042.2 1048.2 1053.3 1057.6 1061.2 1064.3 1066.9 1069.1 1070.9 1072.5 1073.8 1074.9 1075.9 1076.7 1077.4 1077.9 1078.4 1078.8 1079.2 1079.5 1079.7 1079.9 1080.1 1080.2 1080.4 1080.8
#_Wt_at_age_fishery 2 3 4 5 6 7 8 9 10 11 12 13 14 15 16 17 18 19 20 21 22 23 24 25 26 27 28 29 30 31 32 33 34 35 36 37 38 39 40 41 42 43 44 45 46 47 48 49 50 51
 29.7 74.4 136 209.2 288.5 369.4 448.5 523.6 593.2 656.6 713.6 764.2 808.7 847.7 881.5 910.8 936 957.7 976.2 992.1 1005.6 1017.1 1026.9 1035.2 1042.2 1048.2 1053.3 1057.6 1061.2 1064.3 1066.9 1069.1 1070.9 1072.5 1073.8 1074.9 1075.9 1076.7 1077.4 1077.9 1078.4 1078.8 1079.2 1079.5 1079.7 1079.9 1080.1 1080.2 1080.4 1080.8
#_Selectivity_fishery_scaled_to_max_at_one 2 3 4 5 6 7 8 9 10 11 12 13 14 15 16 17 18 19 20 21 22 23 24 25 26 27 28 29 30 31 32 33 34 35 36 37 38 39 40 41 42 43 44 45 46 47 48 49 50 51
 6.67641e-05 0.000314879 0.0014837 0.0069609 0.0320095 0.134946 0.423934 0.776368 0.942454 0.987222 0.997264 0.999419 0.999877 0.999974 0.999994 0.999999 1 1 1 1 1 1 1 1 1 1 1 1 1 1 1 1 1 1 1 1 1 1 1 1 1 1 1 1 1 1 1 1 1 1
#_Numbers_at_age_end_year 2 3 4 5 6 7 8 9 10 11 12 13 14 15 16 17 18 19 20 21 22 23 24 25 26 27 28 29 30 31 32 33 34 35 36 37 38 39 40 41 42 43 44 45 46 47 48 49 50 51
 10.9081 9.7315 8.53728 7.07973 6.07364 4.39261 4.83713 3.37206 3.5672 2.20297 2.80875 3.20996 2.937 2.39073 1.81264 1.94633 1.08854 1.003 2.02065 3.60299 2.65356 3.32672 7.4749 3.98422 3.28485 4.9139 6.8114 1.17501 1.50872 1.51951 2.00197 0.865972 1.95799 1.60615 1.07022 1.93355 3.72945 0.966132 2.00613 1.46165 0.996475 0.78384 0.839275 1.44407 2.1098 0.635759 0.519886 0.544348 0.442646 3.47643
#_N_recruitment_years
42
#_Recruitment_start_at_1977_yearclass=1979_for_age_2_recruits 1979 1980 1981 1982 1983 1984 1985 1986 1987 1988 1989 1990 1991 1992 1993 1994 1995 1996 1997 1998 1999 2000 2001 2002 2003 2004 2005 2006 2007 2008 2009 2010 2011 2012 2013 2014 2015 2016 2017 2018 2019 2020
 42.4558 23.1581 20.3003 24.1684 33.0946 42.2007 18.7191 65.9874 31.1983 15.7745 21.6783 24.32 9.93798 21.2259 14.8453 13.5838 9.76502 52.1993 34.6096 21.221 23.6111 40.6527 16.6236 12.1993 15.2482 7.87154 3.59197 3.57103 5.83194 4.96025 5.98397 6.74475 6.79168 5.48272 3.9622 5.91238 5.17019 6.91957 5.90433 7.69047 8.44974 9.60568
#_Spawners per recruitment (starting at 1977)
 20.2933 22.4818 25.3194 28.7183 32.488 36.1426 38.7467 41.4478 45.4673 50.2521 55.3628 60.3882 64.8259 68.6756 72.2033 74.4709 75.377 77.4936 78.8564 79.7878 81.0046 81.6922 81.7298 80.2554 79.5071 78.8586 78.3944 77.5717 77.4505 77.7434 77.8631 78.1107 78.0042 77.3525 76.0304 74.2328 71.0638 67.5402 64.0422 60.604 57.4285 55.0904 52.5835 49.9758
