# Number of parameters = 185 Objective function value = 249.835659668359  Maximum gradient component = 9.97672365646964e-05
# steepness:
0.599550000000
# log_Rzero:
4.30000000000
# log_mean_rec:
3.53328522901
# sigr:
1.50000000000
# log_fish_sel_coffs:
 0.00000000000 0.00000000000 0.00000000000 0.00000000000 0.00000000000 0.00000000000 0.00000000000 0.00000000000 0.00000000000 0.00000000000 0.00000000000
# a50:
8.18407025604
# delta:
1.88813209379
# log_srv1_sel_coffs:
 0.00000000000 0.00000000000 0.00000000000 0.00000000000 0.00000000000 0.00000000000 0.00000000000 0.00000000000 0.00000000000
# a50_srv1:
8.88428806862
# delta_srv1:
4.05735742601
# log_srv2_sel_coffs:
 0.00000000000 0.00000000000 0.00000000000 0.00000000000 0.00000000000 0.00000000000 0.00000000000 0.00000000000 0.00000000000
# a50_srv2:
7.30000000000
# delta_srv2:
3.80000000000
# log_avg_F:
-3.64854624452
# log_F_devs:
 -1.25346803381 0.168831679620 0.978987935182 1.69913947720 2.29990859211 1.91789889843 1.50756190860 1.39486081297 1.10513338295 0.627476327925 1.18634469365 1.21836575759 0.912540492644 0.802538417914 0.761615299234 0.605774004737 -0.773697669205 -1.05883190967 -1.02724768582 -0.951062036540 -0.431652832039 0.488952016835 0.361551283594 -1.00888255225 -2.81440540169 -2.61777160483 -2.01591510627 -1.23439603874 -0.956640726002 -0.887741043094 0.0400194399001 0.551790061737 0.0471004659737 0.243559510035 0.190411153092 -0.326799601086 -0.453721217331 -0.406264838105 0.177702712375 -0.282623498907 -0.330352029689 -0.269004071182 0.167422065383 0.0720826388729 0.00857995295455 0.0971590611035 -0.0724441317015 -0.0961170936051 -0.102557770988 -0.0881585635492 -0.176791476226 0.257698222164 0.276516445645 0.203350482507 0.178703255177 0.0944672332565 -0.484309226844 -0.191616268401 0.0102175479847 -0.0803527564508 -0.0348903010571 -0.226546310107
# Est_nsamples_fish_age:
50.0000000000
# Est_nsamples_srv1_age:
50.0000000000
# Est_nsamples_fish_size:
50.0000000000
# mat_a50:
10.6102154975
# mat_delta:
0.648929394384
# log_rec_dev:
 -1.19452059837 -1.19848093306 -1.20264938344 -1.20703557060 -1.21164656173 -1.21649567324 -1.22159270529 -1.22694513822 -1.23256550519 -1.23846187372 -1.24464426060 -1.25112213627 -1.25790958435 -1.26500981405 -1.27243703112 -1.28019818520 -1.28830245499 -1.29675772776 -1.30557168285 -1.31475100954 -1.32430059896 -1.33422486637 -1.34452575327 -1.35520381063 -1.36625528030 -1.37768022954 -1.38946816162 -1.40160595618 -1.41408159025 -1.42687086037 -1.43994250340 -1.45326495366 -1.46679038538 -1.48045983129 -1.49420360277 -1.50793008649 -1.52150240729 -1.53452271679 -1.54566039311 -1.55141329098 -1.54476324427 -1.51802174782 -1.47571517284 -1.44684595816 -1.45159041743 -1.45695897082 -1.41436673906 -1.31675773452 -1.18225343445 -1.02414474391 -0.985637983027 -1.15532761434 -1.29415362644 -1.27310618017 -1.16365212727 -1.03375552196 -0.809562478300 -0.600311271227 -0.685586776638 0.521920914494 -0.481339634792 -0.529721484697 -0.404337828500 -0.555145436409 -0.432469345212 0.655812466135 0.207151144267 -0.396405764855 -0.529546667558 -0.354256900077 -0.0398929075593 0.211387431066 -0.596976509661 0.655786120920 -0.0878758589645 -0.769981355830 -0.454727455196 -0.338080734417 -1.22909244758 -0.475550547132 -0.828466221203 -0.920110581632 -1.24950964341 0.426594227498 0.0137772633910 -0.475799627771 -0.370133029125 0.169590286079 -0.727619344174 -1.03822105101 -0.819740508118 -1.48261076112 -2.26484594460 -2.27477600879 -1.78744074958 -1.94852076963 -1.76421043118 -1.64710505565 -1.64065305368 -1.85435617043 -2.17824060038 -1.78326105033 -1.90746844346 -1.60622027051 -1.74460631323 -1.47030907951 -1.36964386255 -1.24324252776 -1.17241090083 -1.12499992617
# log_q_srv1:
-0.231612382955
# log_q_srv2:
0.00000000000
# cv_cpue:
0.00000000000
# logm:
-2.82386979279
# mF50:
0.0426282205796
# mF40:
0.0609219129578
# mF35:
0.0731364629408
