#Species name here:
Model_1_goa_nr_2020.dat
#SSL Species?
0
#Constant buffer of Dorn?
0
#Number of fisheries?
1
#Number of sexes?
1
#5year_Average_F(endyr-4,endyr_as_estimated_by_ADmodel)
0.0251418
#_Author_F_as_fraction_F_40%
1
#ABC SPR
0.4
#MSY SPR
0.35
#_Spawn_month
5
#_Number_of_ages
50
#_F_ratio(must_sum_to_one_only_one_fishery)
1
#_Natural_Mortality 2 3 4 5 6 7 8 9 10 11 12 13 14 15 16 17 18 19 20 21 22 23 24 25 26 27 28 29 30 31 32 33 34 35 36 37 38 39 40 41 42 43 44 45 46 47 48 49 50 51
 0.0589104 0.0589104 0.0589104 0.0589104 0.0589104 0.0589104 0.0589104 0.0589104 0.0589104 0.0589104 0.0589104 0.0589104 0.0589104 0.0589104 0.0589104 0.0589104 0.0589104 0.0589104 0.0589104 0.0589104 0.0589104 0.0589104 0.0589104 0.0589104 0.0589104 0.0589104 0.0589104 0.0589104 0.0589104 0.0589104 0.0589104 0.0589104 0.0589104 0.0589104 0.0589104 0.0589104 0.0589104 0.0589104 0.0589104 0.0589104 0.0589104 0.0589104 0.0589104 0.0589104 0.0589104 0.0589104 0.0589104 0.0589104 0.0589104 0.0589104
#_Maturity_divided_by_2(projection_program_uses_to_get_female_spawning_biomass_if_divide_by_2 2 3 4 5 6 7 8 9 10 11 12 13 14 15 16 17 18 19 20 21 22 23 24 25 26 27 28 29 30 31 32 33 34 35 36 37 38 39 40 41 42 43 44 45 46 47 48 49 50 51
 0.0037307 0.00711441 0.0135255 0.025565 0.0478021 0.0876418 0.155271 0.260203 0.402277 0.562901 0.711334 0.825029 0.900225 0.945249 0.970619 0.984427 0.9918 0.995698 0.997747 0.998821 0.999384 0.999678 0.999832 0.999912 0.999954 0.999976 0.999987 0.999993 0.999997 0.999998 0.999999 1 1 1 1 1 1 1 1 1 1 1 1 1 1 1 1 1 1 1
#_Wt_at_age_spawners 2 3 4 5 6 7 8 9 10 11 12 13 14 15 16 17 18 19 20 21 22 23 24 25 26 27 28 29 30 31 32 33 34 35 36 37 38 39 40 41 42 43 44 45 46 47 48 49 50 51
 27.7 73.8 138.4 215.1 297.6 380.9 461.4 536.8 605.8 667.7 722.5 770.6 812.3 848.3 879.1 905.4 927.8 946.8 962.8 976.3 987.7 997.3 1005.3 1012.1 1017.7 1022.5 1026.4 1029.8 1032.5 1034.9 1036.8 1038.4 1039.8 1040.9 1041.9 1042.7 1043.3 1043.9 1044.3 1044.7 1045 1045.3 1045.5 1045.7 1045.9 1046 1046.1 1046.2 1046.3 1046.5
#_Wt_at_age_fishery 2 3 4 5 6 7 8 9 10 11 12 13 14 15 16 17 18 19 20 21 22 23 24 25 26 27 28 29 30 31 32 33 34 35 36 37 38 39 40 41 42 43 44 45 46 47 48 49 50 51
 27.7 73.8 138.4 215.1 297.6 380.9 461.4 536.8 605.8 667.7 722.5 770.6 812.3 848.3 879.1 905.4 927.8 946.8 962.8 976.3 987.7 997.3 1005.3 1012.1 1017.7 1022.5 1026.4 1029.8 1032.5 1034.9 1036.8 1038.4 1039.8 1040.9 1041.9 1042.7 1043.3 1043.9 1044.3 1044.7 1045 1045.3 1045.5 1045.7 1045.9 1046 1046.1 1046.2 1046.3 1046.5
#_Selectivity_fishery_scaled_to_max_at_one 2 3 4 5 6 7 8 9 10 11 12 13 14 15 16 17 18 19 20 21 22 23 24 25 26 27 28 29 30 31 32 33 34 35 36 37 38 39 40 41 42 43 44 45 46 47 48 49 50 51
 5.63935e-05 0.000279558 0.00138462 0.00682804 0.032965 0.144586 0.455957 0.806035 0.953714 0.990307 0.99803 0.999602 0.99992 0.999984 0.999997 0.999999 1 1 1 1 1 1 1 1 1 1 1 1 1 1 1 1 1 1 1 1 1 1 1 1 1 1 1 1 1 1 1 1 1 1
#_Numbers_at_age_end_year 2 3 4 5 6 7 8 9 10 11 12 13 14 15 16 17 18 19 20 21 22 23 24 25 26 27 28 29 30 31 32 33 34 35 36 37 38 39 40 41 42 43 44 45 46 47 48 49 50 51
 10.6154 9.14246 8.33654 6.63835 6.67325 4.77869 3.77623 2.85432 3.2323 2.94153 3.51102 3.1525 2.12465 2.04019 1.14897 1.02534 1.97396 3.87832 2.9378 3.64235 8.57842 4.57542 3.72403 5.70501 7.90094 1.31126 1.66858 1.62077 2.2195 0.977877 2.14824 1.71526 1.13589 2.24762 4.06182 1.11685 2.48801 1.51647 1.22896 0.669174 0.841519 1.77447 2.072 1.12892 0.410779 0.641792 0.334117 0.483019 1.20891 2.20607
#_N_recruitment_years
40
#_Recruitment_start_at_1977_yearclass=1979_for_age_2_recruits 1979 1980 1981 1982 1983 1984 1985 1986 1987 1988 1989 1990 1991 1992 1993 1994 1995 1996 1997 1998 1999 2000 2001 2002 2003 2004 2005 2006 2007 2008 2009 2010 2011 2012 2013 2014 2015 2016 2017 2018
 45.6584 20.3209 15.1691 26.0933 30.0617 45.8383 18.9585 62.932 31.7216 14.6299 20.2044 23.2591 9.77494 20.4879 13.7752 13.054 9.46089 52.537 34.8404 20.8391 23.4626 40.3295 15.7171 11.652 14.1473 6.62183 3.15929 3.2394 5.24483 4.97816 6.74203 6.87498 5.2989 5.37112 4.38426 5.40397 6.42261 8.4484 7.92198 9.37904
#_Spawners per recruitment (starting at 1977)
 19.5087 21.7197 24.584 27.9624 31.6205 35.0706 37.4287 39.9222 43.7881 48.4559 53.4375 58.2828 62.4938 66.1133 69.4548 71.6196 72.4901 74.5581 75.8455 76.6582 77.7228 78.249 78.1358 76.5393 75.6974 74.996 74.5296 73.765 73.7244 74.0991 74.2882 74.5693 74.4569 73.7591 72.3624 70.476 67.2271 63.6503 60.1387 56.7305 53.6219 51.3704
