# Number of parameters = 185 Objective function value = 267.715417454338  Maximum gradient component = 7.76128851061955e-05
# steepness:
0.599550000000
# log_Rzero:
4.30000000000
# log_mean_rec:
3.46227565811
# sigr:
1.50000000000
# log_fish_sel_coffs:
 0.00000000000 0.00000000000 0.00000000000 0.00000000000 0.00000000000 0.00000000000 0.00000000000 0.00000000000 0.00000000000 0.00000000000 0.00000000000
# a50:
8.23485509234
# delta:
1.91807608809
# log_srv1_sel_coffs:
 0.00000000000 0.00000000000 0.00000000000 0.00000000000 0.00000000000 0.00000000000 0.00000000000 0.00000000000 0.00000000000
# a50_srv1:
9.08278801974
# delta_srv1:
4.31280959316
# log_srv2_sel_coffs:
 0.00000000000 0.00000000000 0.00000000000 0.00000000000 0.00000000000 0.00000000000 0.00000000000 0.00000000000 0.00000000000
# a50_srv2:
7.30000000000
# delta_srv2:
3.80000000000
# log_avg_F:
-3.55809692273
# log_F_devs:
 -1.30087104804 0.123151336801 0.936998322933 1.66512452358 2.28221757072 1.91306819647 1.51271232805 1.40834515654 1.12428095334 0.648810741452 1.21199146733 1.25053174852 0.950085694111 0.844456087508 0.807731587696 0.654977746753 -0.725644534867 -1.01154160383 -0.983498710549 -0.912790811182 -0.396608348040 0.523766028234 0.397285580672 -0.974455062499 -2.78599535502 -2.59775237608 -2.00281655442 -1.22658873663 -0.953287034022 -0.888180501145 0.0367613650886 0.548022644160 0.0420518610948 0.236888782418 0.183311020101 -0.334229275881 -0.462237081643 -0.415752303242 0.167878743612 -0.292779497098 -0.341238480596 -0.280295498124 0.155025822988 0.0581199081776 -0.00689541695704 0.0807234927197 -0.0902666085965 -0.115719533226 -0.123068341819 -0.109747850153 -0.199397405349 0.234983572296 0.254572175795 0.181960230033 0.157720852477 0.0738702616719 -0.505236084749 -0.212980846957 -0.0113171320661 -0.101837290926 -0.0563998941623 -0.247995828198
# Est_nsamples_fish_age:
50.0000000000
# Est_nsamples_srv1_age:
50.0000000000
# Est_nsamples_fish_size:
50.0000000000
# mat_a50:
10.6102153658
# mat_delta:
0.648929407435
# log_rec_dev:
 -1.19730865167 -1.20135292284 -1.20560629273 -1.21007599353 -1.21477040357 -1.21970177568 -1.22487948407 -1.23031191384 -1.23600922831 -1.24198074204 -1.24823543435 -1.25478244163 -1.26163200506 -1.26879319070 -1.27627523236 -1.28408550865 -1.29223134422 -1.30072117972 -1.30956185229 -1.31875837818 -1.32831483429 -1.33823568667 -1.34851993277 -1.35916682440 -1.37017341279 -1.38153475541 -1.39323979603 -1.40527475044 -1.41762280126 -1.43025957997 -1.44315019566 -1.45624046327 -1.46949755160 -1.48285722415 -1.49624354384 -1.50954381151 -1.52262036347 -1.53507396587 -1.54555346635 -1.55057130641 -1.54313231111 -1.51556013060 -1.47240871230 -1.44258310924 -1.44651384299 -1.45201751691 -1.41012668294 -1.31322049953 -1.18041587323 -1.02560249690 -0.991919767616 -1.16594057786 -1.30962700077 -1.29510572326 -1.19291923732 -1.07008086277 -0.856846103733 -0.647166292719 -0.687230299262 0.446886548001 -0.467844352117 -0.561697312646 -0.450265961998 -0.581989447705 -0.428737141410 0.617754105292 0.246527196230 -0.396706979854 -0.496437527345 -0.329949021442 0.00296712872240 0.213017456152 -0.586526854011 0.669277236627 -0.0915182884236 -0.766243587386 -0.452973177167 -0.331780169772 -1.22193343247 -0.462628821713 -0.814333583993 -0.901393437078 -1.22964033296 0.445227322476 0.0347904217943 -0.454627121592 -0.350516144092 0.192445432011 -0.697020004859 -1.00855681991 -0.782571102439 -1.44594477159 -2.23229962751 -2.23974990960 -1.75524724326 -1.92110563703 -1.73577695530 -1.62298285178 -1.61714981093 -1.83333868333 -2.15434051110 -1.75427088696 -1.88499203300 -1.59394950469 -1.75051300331 -1.48458936361 -1.38779787898 -1.25654163122 -1.18303032233 -1.12500000127
# log_q_srv1:
-0.121273256691
# log_q_srv2:
0.00000000000
# cv_cpue:
0.00000000000
# logm:
-2.83894526688
# mF50:
0.0422661096923
# mF40:
0.0604487799892
# mF35:
0.0726015051867
