#Species name here:
Model_1_goa_nr_2022.dat
#SSL Species?
0
#Constant buffer of Dorn?
0
#Number of fisheries?
1
#Number of sexes?
1
#5year_Average_F(endyr-4,endyr_as_estimated_by_ADmodel)
0.0252198
#_Author_F_as_fraction_F_40%
1
#ABC SPR
0.4
#MSY SPR
0.35
#_Spawn_month
5
#_Number_of_ages
50
#_F_ratio(must_sum_to_one_only_one_fishery)
1
#_Natural_Mortality 2 3 4 5 6 7 8 9 10 11 12 13 14 15 16 17 18 19 20 21 22 23 24 25 26 27 28 29 30 31 32 33 34 35 36 37 38 39 40 41 42 43 44 45 46 47 48 49 50 51
 0.0584873 0.0584873 0.0584873 0.0584873 0.0584873 0.0584873 0.0584873 0.0584873 0.0584873 0.0584873 0.0584873 0.0584873 0.0584873 0.0584873 0.0584873 0.0584873 0.0584873 0.0584873 0.0584873 0.0584873 0.0584873 0.0584873 0.0584873 0.0584873 0.0584873 0.0584873 0.0584873 0.0584873 0.0584873 0.0584873 0.0584873 0.0584873 0.0584873 0.0584873 0.0584873 0.0584873 0.0584873 0.0584873 0.0584873 0.0584873 0.0584873 0.0584873 0.0584873 0.0584873 0.0584873 0.0584873 0.0584873 0.0584873 0.0584873 0.0584873
#_Maturity_divided_by_2(projection_program_uses_to_get_female_spawning_biomass_if_divide_by_2 2 3 4 5 6 7 8 9 10 11 12 13 14 15 16 17 18 19 20 21 22 23 24 25 26 27 28 29 30 31 32 33 34 35 36 37 38 39 40 41 42 43 44 45 46 47 48 49 50 51
 0.0037307 0.00711441 0.0135255 0.025565 0.0478021 0.0876418 0.155271 0.260203 0.402277 0.562901 0.711334 0.825029 0.900225 0.945249 0.970619 0.984427 0.9918 0.995698 0.997747 0.998821 0.999384 0.999678 0.999832 0.999912 0.999954 0.999976 0.999987 0.999993 0.999997 0.999998 0.999999 1 1 1 1 1 1 1 1 1 1 1 1 1 1 1 1 1 1 1
#_Wt_at_age_spawners 2 3 4 5 6 7 8 9 10 11 12 13 14 15 16 17 18 19 20 21 22 23 24 25 26 27 28 29 30 31 32 33 34 35 36 37 38 39 40 41 42 43 44 45 46 47 48 49 50 51
 29.7 74.4 136 209.2 288.5 369.4 448.5 523.6 593.2 656.6 713.6 764.2 808.7 847.7 881.5 910.8 936 957.7 976.2 992.1 1005.6 1017.1 1026.9 1035.2 1042.2 1048.2 1053.3 1057.6 1061.2 1064.3 1066.9 1069.1 1070.9 1072.5 1073.8 1074.9 1075.9 1076.7 1077.4 1077.9 1078.4 1078.8 1079.2 1079.5 1079.7 1079.9 1080.1 1080.2 1080.4 1080.8
#_Wt_at_age_fishery 2 3 4 5 6 7 8 9 10 11 12 13 14 15 16 17 18 19 20 21 22 23 24 25 26 27 28 29 30 31 32 33 34 35 36 37 38 39 40 41 42 43 44 45 46 47 48 49 50 51
 29.7 74.4 136 209.2 288.5 369.4 448.5 523.6 593.2 656.6 713.6 764.2 808.7 847.7 881.5 910.8 936 957.7 976.2 992.1 1005.6 1017.1 1026.9 1035.2 1042.2 1048.2 1053.3 1057.6 1061.2 1064.3 1066.9 1069.1 1070.9 1072.5 1073.8 1074.9 1075.9 1076.7 1077.4 1077.9 1078.4 1078.8 1079.2 1079.5 1079.7 1079.9 1080.1 1080.2 1080.4 1080.8
#_Selectivity_fishery_scaled_to_max_at_one 2 3 4 5 6 7 8 9 10 11 12 13 14 15 16 17 18 19 20 21 22 23 24 25 26 27 28 29 30 31 32 33 34 35 36 37 38 39 40 41 42 43 44 45 46 47 48 49 50 51
 6.97079e-05 0.000323487 0.00149979 0.00692391 0.0313489 0.130604 0.410832 0.763971 0.937595 0.985864 0.99692 0.999335 0.999857 0.999969 0.999993 0.999999 1 1 1 1 1 1 1 1 1 1 1 1 1 1 1 1 1 1 1 1 1 1 1 1 1 1 1 1 1 1 1 1 1 1
#_Numbers_at_age_end_year 2 3 4 5 6 7 8 9 10 11 12 13 14 15 16 17 18 19 20 21 22 23 24 25 26 27 28 29 30 31 32 33 34 35 36 37 38 39 40 41 42 43 44 45 46 47 48 49 50 51
 10.353 9.2143 8.07481 6.67898 5.71733 4.1299 4.53961 3.16568 3.33469 2.05699 2.60882 2.98357 2.72926 2.23348 1.69418 1.82274 1.02348 0.942795 1.8998 3.3902 2.48631 3.11943 6.96596 3.70872 3.06082 4.57251 6.32468 1.09103 1.39664 1.40243 1.83442 0.792144 1.78051 1.44969 0.968841 1.73433 3.37747 0.876623 1.79293 1.34878 0.902134 0.715116 0.741588 1.32434 1.79289 0.581221 0.455179 0.474459 0.391619 3.04055
#_N_recruitment_years
42
#_Recruitment_start_at_1977_yearclass=1979_for_age_2_recruits 1979 1980 1981 1982 1983 1984 1985 1986 1987 1988 1989 1990 1991 1992 1993 1994 1995 1996 1997 1998 1999 2000 2001 2002 2003 2004 2005 2006 2007 2008 2009 2010 2011 2012 2013 2014 2015 2016 2017 2018 2019 2020
 40.8049 21.4467 19.411 22.9273 31.9842 39.4602 17.7387 62.2746 29.1006 14.8208 20.2733 22.8853 9.39655 20.0784 14.1249 12.9472 9.32441 49.7745 33.0184 20.2398 22.4605 38.6567 15.8831 11.6315 14.5808 7.51072 3.42115 3.39575 5.51256 4.67005 5.62094 6.29209 6.3289 5.09845 3.69853 5.51794 4.84179 6.47745 5.53872 7.226 7.96039 9.07691
#_Spawners per recruitment (starting at 1977)
 18.5846 20.631 23.2838 26.4562 29.9693 33.3549 35.6863 38.1051 41.8211 46.2775 51.0504 55.7646 59.9474 63.6023 66.9765 69.1068 69.8693 71.8414 73.0657 73.8815 75.0215 75.6775 75.725 74.2978 73.6179 73.0492 72.6628 71.9064 71.8316 72.1574 72.3065 72.589 72.5335 71.9534 70.7319 69.0636 66.0457 62.6879 59.3636 56.1001 53.0936 50.9168 48.5617 46.0973
