#Species name here:
Model_1_goa_nr_2020.dat
#SSL Species?
0
#Constant buffer of Dorn?
0
#Number of fisheries?
1
#Number of sexes?
1
#5year_Average_F(endyr-4,endyr_as_estimated_by_ADmodel)
0.03211
#_Author_F_as_fraction_F_40%
1
#ABC SPR
0.4
#MSY SPR
0.35
#_Spawn_month
5
#_Number_of_ages
49
#_F_ratio(must_sum_to_one_only_one_fishery)
1
#_Natural_Mortality 2 3 4 5 6 7 8 9 10 11 12 13 14 15 16 17 18 19 20 21 22 23 24 25 26 27 28 29 30 31 32 33 34 35 36 37 38 39 40 41 42 43 44 45 46 47 48 49 50
 0.0592529 0.0592529 0.0592529 0.0592529 0.0592529 0.0592529 0.0592529 0.0592529 0.0592529 0.0592529 0.0592529 0.0592529 0.0592529 0.0592529 0.0592529 0.0592529 0.0592529 0.0592529 0.0592529 0.0592529 0.0592529 0.0592529 0.0592529 0.0592529 0.0592529 0.0592529 0.0592529 0.0592529 0.0592529 0.0592529 0.0592529 0.0592529 0.0592529 0.0592529 0.0592529 0.0592529 0.0592529 0.0592529 0.0592529 0.0592529 0.0592529 0.0592529 0.0592529 0.0592529 0.0592529 0.0592529 0.0592529 0.0592529 0.0592529
#_Maturity_divided_by_2(projection_program_uses_to_get_female_spawning_biomass_if_divide_by_2 2 3 4 5 6 7 8 9 10 11 12 13 14 15 16 17 18 19 20 21 22 23 24 25 26 27 28 29 30 31 32 33 34 35 36 37 38 39 40 41 42 43 44 45 46 47 48 49 50
 0.0037307 0.00711441 0.0135255 0.025565 0.0478021 0.0876418 0.155271 0.260203 0.402277 0.562901 0.711334 0.825029 0.900225 0.945249 0.970619 0.984427 0.9918 0.995698 0.997747 0.998821 0.999384 0.999678 0.999832 0.999912 0.999954 0.999976 0.999987 0.999993 0.999997 0.999998 0.999999 1 1 1 1 1 1 1 1 1 1 1 1 1 1 1 1 1 1
#_Wt_at_age_spawners 2 3 4 5 6 7 8 9 10 11 12 13 14 15 16 17 18 19 20 21 22 23 24 25 26 27 28 29 30 31 32 33 34 35 36 37 38 39 40 41 42 43 44 45 46 47 48 49 50
 27.7 73.8 138.4 215.1 297.6 380.9 461.4 536.8 605.8 667.7 722.5 770.6 812.3 848.3 879.1 905.4 927.8 946.8 962.8 976.3 987.7 997.3 1005.3 1012.1 1017.7 1022.5 1026.4 1029.8 1032.5 1034.9 1036.8 1038.4 1039.8 1040.9 1041.9 1042.7 1043.3 1043.9 1044.3 1044.7 1045 1045.3 1045.5 1045.7 1045.9 1046 1046.1 1046.2 1046.5
#_Wt_at_age_fishery 2 3 4 5 6 7 8 9 10 11 12 13 14 15 16 17 18 19 20 21 22 23 24 25 26 27 28 29 30 31 32 33 34 35 36 37 38 39 40 41 42 43 44 45 46 47 48 49 50
 27.7 73.8 138.4 215.1 297.6 380.9 461.4 536.8 605.8 667.7 722.5 770.6 812.3 848.3 879.1 905.4 927.8 946.8 962.8 976.3 987.7 997.3 1005.3 1012.1 1017.7 1022.5 1026.4 1029.8 1032.5 1034.9 1036.8 1038.4 1039.8 1040.9 1041.9 1042.7 1043.3 1043.9 1044.3 1044.7 1045 1045.3 1045.5 1045.7 1045.9 1046 1046.1 1046.2 1046.5
#_Selectivity_fishery_scaled_to_max_at_one 2 3 4 5 6 7 8 9 10 11 12 13 14 15 16 17 18 19 20 21 22 23 24 25 26 27 28 29 30 31 32 33 34 35 36 37 38 39 40 41 42 43 44 45 46 47 48 49 50
 5.40054e-05 0.000271187 0.00136058 0.00679641 0.0332271 0.14721 0.464383 0.813245 0.956277 0.990979 0.998191 0.999639 0.999928 0.999986 0.999997 0.999999 1 1 1 1 1 1 1 1 1 1 1 1 1 1 1 1 1 1 1 1 1 1 1 1 1 1 1 1 1 1 1 1 1
#_Numbers_at_age_end_year 2 3 4 5 6 7 8 9 10 11 12 13 14 15 16 17 18 19 20 21 22 23 24 25 26 27 28 29 30 31 32 33 34 35 36 37 38 39 40 41 42 43 44 45 46 47 48 49 50
 9.91461 8.4945 7.67186 6.03698 5.8621 4.11731 3.11662 2.29255 2.51525 2.28343 2.67052 2.39306 1.64697 1.55078 0.887753 0.811227 1.53623 2.91947 2.29899 2.88585 6.43821 3.55344 2.92996 4.42066 5.96803 1.06626 1.30224 1.28294 1.68549 0.790684 1.66271 1.32762 0.929876 1.75014 3.09 0.933103 1.89462 1.1466 0.99803 0.53098 0.710287 1.35278 1.52065 0.913151 0.319602 0.552392 0.271631 0.408112 2.71026
#_N_recruitment_years
40
#_Recruitment_start_at_1977_yearclass=1979_for_age_2_recruits 1979 1980 1981 1982 1983 1984 1985 1986 1987 1988 1989 1990 1991 1992 1993 1994 1995 1996 1997 1998 1999 2000 2001 2002 2003 2004 2005 2006 2007 2008 2009 2010 2011 2012 2013 2014 2015 2016 2017 2018
 40.7197 20.0515 14.0623 24.7365 26.5045 40.6432 18.4009 55.4246 28.4817 13.7556 17.8909 20.5237 8.98438 17.6344 12.3167 11.4661 8.62871 44.3519 30.0449 18.1587 20.0806 33.1846 13.5828 9.89581 11.4989 5.53508 2.66948 2.65524 4.19627 4.02821 5.29814 5.37082 4.19584 4.2366 3.54796 4.47592 5.54498 7.43211 7.21182 8.63718
#_Spawners per recruitment (starting at 1977)
 18.4277 20.5418 23.2517 26.42 29.8353 33.0385 35.1526 37.3679 40.8771 45.092 49.547 53.8538 57.5669 60.7339 63.6347 65.3356 65.7117 67.2728 68.0709 68.4531 69.1702 69.4304 69.1159 67.3622 66.3809 65.5272 64.8581 63.8059 63.3923 63.3422 63.0965 62.9709 62.5148 61.5701 60.0467 58.156 55.0111 51.6245 48.3575 45.2183 42.3819 40.3965
