# Number of parameters = 180 Objective function value = 241.129887101014  Maximum gradient component = 5.55418730569194e-05
# steepness:
0.599550000000
# log_Rzero:
4.30000000000
# log_mean_rec:
3.41900967297
# sigr:
1.50000000000
# log_fish_sel_coffs:
 0.00000000000 0.00000000000 0.00000000000 0.00000000000 0.00000000000 0.00000000000 0.00000000000 0.00000000000 0.00000000000 0.00000000000 0.00000000000
# a50:
8.08842285092
# delta:
1.82437504126
# log_srv1_sel_coffs:
 0.00000000000 0.00000000000 0.00000000000 0.00000000000 0.00000000000 0.00000000000 0.00000000000 0.00000000000 0.00000000000
# a50_srv1:
8.93075601030
# delta_srv1:
4.59646300568
# log_srv2_sel_coffs:
 0.00000000000 0.00000000000 0.00000000000 0.00000000000 0.00000000000 0.00000000000 0.00000000000 0.00000000000 0.00000000000
# a50_srv2:
7.30000000000
# delta_srv2:
3.80000000000
# log_avg_F:
-3.47626975095
# log_F_devs:
 -1.32426166417 0.0976513922501 0.910506049271 1.63966010618 2.26183434475 1.90227560262 1.50095078533 1.37671969784 1.06124905192 0.565924829581 1.12296570941 1.16625976982 0.871760718208 0.767048160652 0.724849695557 0.556255811104 -0.836813917786 -1.12820062737 -1.09242455396 -1.00615796822 -0.478327112746 0.447386685373 0.317947818791 -1.06041212699 -2.86572510460 -2.66672368184 -2.06066475411 -1.27670492030 -0.999244530244 -0.931322795149 -0.00491468802917 0.508307763499 0.00972489816057 0.212631365145 0.166523642726 -0.344563037786 -0.466482342214 -0.414730072697 0.176243570637 -0.278168229955 -0.322160362985 -0.260319955096 0.177708588676 0.0870020653887 0.0279062339437 0.120744638335 -0.0430281620773 -0.0597409270815 -0.0585794503770 -0.0358837676167 -0.115382391049 0.329019657737 0.359463240202 0.297362067231 0.283138119493 0.207707778397 -0.363541348785 -0.0634604093222 0.146349621400 0.156857403532
# Est_nsamples_fish_age:
50.0000000000
# Est_nsamples_srv1_age:
50.0000000000
# Est_nsamples_fish_size:
50.0000000000
# mat_a50:
10.6102154699
# mat_delta:
0.648929401028
# log_rec_dev:
 -1.19927196209 -1.20347437684 -1.20789569831 -1.21254532062 -1.21743111873 -1.22256572972 -1.22795920806 -1.23362036377 -1.23955950294 -1.24578667402 -1.25231264606 -1.25914669608 -1.26629968968 -1.27378033310 -1.28159869357 -1.28976360413 -1.29828346179 -1.30716507102 -1.31641702622 -1.32604495217 -1.33605341823 -1.34644755074 -1.35722883562 -1.36838258829 -1.37985428647 -1.39136197620 -1.40198717656 -1.40994477090 -1.41383763492 -1.41446949389 -1.41328442877 -1.41283674105 -1.42289323866 -1.44857009547 -1.47612552723 -1.49574177134 -1.51263828850 -1.52643672475 -1.52387377373 -1.48329305157 -1.40517616553 -1.34190613589 -1.33201818191 -1.34714270742 -1.34251564004 -1.30036598107 -1.25290545881 -1.10526970503 -0.608380854437 -0.609272332590 -1.24419393750 -1.45329244986 -1.37091088317 -1.20702337223 -1.00730265342 -0.881292902539 -0.250487323067 -0.845804818196 0.476986442152 -0.421085963583 -0.901287781862 -0.271069237194 -0.908571581051 0.0476599431567 0.474718221663 0.287703117818 -0.420707676093 -0.775510539295 -0.210730182921 -0.141696234654 0.285822315684 -0.506610893349 0.596014275045 -0.0697466167342 -0.797565095071 -0.534718928518 -0.397428066423 -1.22352258929 -0.549157086141 -0.908056168330 -0.979611750644 -1.26391499951 0.373145288822 -0.0163155507862 -0.519858652437 -0.419255471621 0.0830750240264 -0.810207431908 -1.12689814293 -0.976759480361 -1.70790381498 -2.43712745550 -2.44247584095 -1.98481375326 -2.02568822729 -1.75165330071 -1.73802974943 -1.98491630276 -1.97524774762 -2.15263819590 -1.92029673807 -1.70611654036 -1.41320041458 -1.44328864091 -1.26293396628 -1.22033605215 -1.12499978741
# log_q_srv1:
-0.449583467029
# log_q_srv2:
0.00000000000
# cv_cpue:
0.00000000000
# logm:
-2.82594091980
# mF50:
0.0428168790818
# mF40:
0.0611959126029
# mF35:
0.0734639677974
