#Species name here:
Model_1_goa_nr_2022.dat
#SSL Species?
0
#Constant buffer of Dorn?
0
#Number of fisheries?
1
#Number of sexes?
1
#5year_Average_F(endyr-4,endyr_as_estimated_by_ADmodel)
0.0247309
#_Author_F_as_fraction_F_40%
1
#ABC SPR
0.4
#MSY SPR
0.35
#_Spawn_month
5
#_Number_of_ages
50
#_F_ratio(must_sum_to_one_only_one_fishery)
1
#_Natural_Mortality 2 3 4 5 6 7 8 9 10 11 12 13 14 15 16 17 18 19 20 21 22 23 24 25 26 27 28 29 30 31 32 33 34 35 36 37 38 39 40 41 42 43 44 45 46 47 48 49 50 51
 0.0594998 0.0594998 0.0594998 0.0594998 0.0594998 0.0594998 0.0594998 0.0594998 0.0594998 0.0594998 0.0594998 0.0594998 0.0594998 0.0594998 0.0594998 0.0594998 0.0594998 0.0594998 0.0594998 0.0594998 0.0594998 0.0594998 0.0594998 0.0594998 0.0594998 0.0594998 0.0594998 0.0594998 0.0594998 0.0594998 0.0594998 0.0594998 0.0594998 0.0594998 0.0594998 0.0594998 0.0594998 0.0594998 0.0594998 0.0594998 0.0594998 0.0594998 0.0594998 0.0594998 0.0594998 0.0594998 0.0594998 0.0594998 0.0594998 0.0594998
#_Maturity_divided_by_2(projection_program_uses_to_get_female_spawning_biomass_if_divide_by_2 2 3 4 5 6 7 8 9 10 11 12 13 14 15 16 17 18 19 20 21 22 23 24 25 26 27 28 29 30 31 32 33 34 35 36 37 38 39 40 41 42 43 44 45 46 47 48 49 50 51
 0.0037307 0.00711441 0.0135255 0.025565 0.0478021 0.0876418 0.155271 0.260203 0.402277 0.562901 0.711334 0.825029 0.900225 0.945249 0.970619 0.984427 0.9918 0.995698 0.997747 0.998821 0.999384 0.999678 0.999832 0.999912 0.999954 0.999976 0.999987 0.999993 0.999997 0.999998 0.999999 1 1 1 1 1 1 1 1 1 1 1 1 1 1 1 1 1 1 1
#_Wt_at_age_spawners 2 3 4 5 6 7 8 9 10 11 12 13 14 15 16 17 18 19 20 21 22 23 24 25 26 27 28 29 30 31 32 33 34 35 36 37 38 39 40 41 42 43 44 45 46 47 48 49 50 51
 29.7 74.4 136 209.2 288.5 369.4 448.5 523.6 593.2 656.6 713.6 764.2 808.7 847.7 881.5 910.8 936 957.7 976.2 992.1 1005.6 1017.1 1026.9 1035.2 1042.2 1048.2 1053.3 1057.6 1061.2 1064.3 1066.9 1069.1 1070.9 1072.5 1073.8 1074.9 1075.9 1076.7 1077.4 1077.9 1078.4 1078.8 1079.2 1079.5 1079.7 1079.9 1080.1 1080.2 1080.4 1080.8
#_Wt_at_age_fishery 2 3 4 5 6 7 8 9 10 11 12 13 14 15 16 17 18 19 20 21 22 23 24 25 26 27 28 29 30 31 32 33 34 35 36 37 38 39 40 41 42 43 44 45 46 47 48 49 50 51
 29.7 74.4 136 209.2 288.5 369.4 448.5 523.6 593.2 656.6 713.6 764.2 808.7 847.7 881.5 910.8 936 957.7 976.2 992.1 1005.6 1017.1 1026.9 1035.2 1042.2 1048.2 1053.3 1057.6 1061.2 1064.3 1066.9 1069.1 1070.9 1072.5 1073.8 1074.9 1075.9 1076.7 1077.4 1077.9 1078.4 1078.8 1079.2 1079.5 1079.7 1079.9 1080.1 1080.2 1080.4 1080.8
#_Selectivity_fishery_scaled_to_max_at_one 2 3 4 5 6 7 8 9 10 11 12 13 14 15 16 17 18 19 20 21 22 23 24 25 26 27 28 29 30 31 32 33 34 35 36 37 38 39 40 41 42 43 44 45 46 47 48 49 50 51
 6.96628e-05 0.000323125 0.00149741 0.00690973 0.0312719 0.130263 0.40999 0.763257 0.937336 0.985795 0.996904 0.999331 0.999856 0.999969 0.999993 0.999999 1 1 1 1 1 1 1 1 1 1 1 1 1 1 1 1 1 1 1 1 1 1 1 1 1 1 1 1 1 1 1 1 1 1
#_Numbers_at_age_end_year 2 3 4 5 6 7 8 9 10 11 12 13 14 15 16 17 18 19 20 21 22 23 24 25 26 27 28 29 30 31 32 33 34 35 36 37 38 39 40 41 42 43 44 45 46 47 48 49 50 51
 10.7931 9.58109 8.38107 6.9145 5.90524 4.25693 4.66388 3.24719 3.41142 2.10505 2.6653 3.04614 2.78593 2.27936 1.72941 1.85879 1.04488 0.962414 1.93727 3.45542 2.53533 3.18049 7.09801 3.78036 3.11921 4.6596 6.44184 1.11314 1.42243 1.42916 1.86764 0.807843 1.81242 1.4763 0.986615 1.76659 3.43595 0.895288 1.822 1.37453 0.917436 0.727778 0.754709 1.34735 1.82273 0.591843 0.462979 0.482322 0.398421 3.09386
#_N_recruitment_years
42
#_Recruitment_start_at_1977_yearclass=1979_for_age_2_recruits 1979 1980 1981 1982 1983 1984 1985 1986 1987 1988 1989 1990 1991 1992 1993 1994 1995 1996 1997 1998 1999 2000 2001 2002 2003 2004 2005 2006 2007 2008 2009 2010 2011 2012 2013 2014 2015 2016 2017 2018 2019 2020
 42.418 22.2822 20.1499 23.7634 33.1963 40.8162 18.4336 64.4569 30.1576 15.354 20.9997 23.6882 9.74019 20.7687 14.6187 13.3869 9.65396 51.4239 34.1184 20.9086 23.2012 39.9049 16.4001 12.0071 15.0382 7.74671 3.53095 3.5039 5.68033 4.81571 5.793 6.48363 6.5197 5.25281 3.81493 5.68662 5.00013 6.69465 5.73792 7.49376 8.26616 9.44028
#_Spawners per recruitment (starting at 1977)
 19.2801 21.3868 24.1153 27.3774 30.9882 34.4713 36.8961 39.4066 43.2178 47.7751 52.6509 57.4605 61.7229 65.4411 68.8675 71.0451 71.8538 73.8696 75.129 75.9644 77.1041 77.7399 77.7516 76.2786 75.549 74.9319 74.5042 73.7185 73.6265 73.9412 74.0788 74.3438 74.2605 73.639 72.3613 70.6233 67.5254 64.0816 60.6693 57.3193 54.2301 51.9754 49.5472 47.0148
