#Species name here:
Model_1_goa_nr_2020.dat
#SSL Species?
0
#Constant buffer of Dorn?
0
#Number of fisheries?
1
#Number of sexes?
1
#5year_Average_F(endyr-4,endyr_as_estimated_by_ADmodel)
0.0334408
#_Author_F_as_fraction_F_40%
1
#ABC SPR
0.4
#MSY SPR
0.35
#_Spawn_month
5
#_Number_of_ages
49
#_F_ratio(must_sum_to_one_only_one_fishery)
1
#_Natural_Mortality 2 3 4 5 6 7 8 9 10 11 12 13 14 15 16 17 18 19 20 21 22 23 24 25 26 27 28 29 30 31 32 33 34 35 36 37 38 39 40 41 42 43 44 45 46 47 48 49 50
 0.0591844 0.0591844 0.0591844 0.0591844 0.0591844 0.0591844 0.0591844 0.0591844 0.0591844 0.0591844 0.0591844 0.0591844 0.0591844 0.0591844 0.0591844 0.0591844 0.0591844 0.0591844 0.0591844 0.0591844 0.0591844 0.0591844 0.0591844 0.0591844 0.0591844 0.0591844 0.0591844 0.0591844 0.0591844 0.0591844 0.0591844 0.0591844 0.0591844 0.0591844 0.0591844 0.0591844 0.0591844 0.0591844 0.0591844 0.0591844 0.0591844 0.0591844 0.0591844 0.0591844 0.0591844 0.0591844 0.0591844 0.0591844 0.0591844
#_Maturity_divided_by_2(projection_program_uses_to_get_female_spawning_biomass_if_divide_by_2 2 3 4 5 6 7 8 9 10 11 12 13 14 15 16 17 18 19 20 21 22 23 24 25 26 27 28 29 30 31 32 33 34 35 36 37 38 39 40 41 42 43 44 45 46 47 48 49 50
 0.0037307 0.00711441 0.0135255 0.025565 0.0478021 0.0876418 0.155271 0.260203 0.402277 0.562901 0.711334 0.825029 0.900225 0.945249 0.970619 0.984427 0.9918 0.995698 0.997747 0.998821 0.999384 0.999678 0.999832 0.999912 0.999954 0.999976 0.999987 0.999993 0.999997 0.999998 0.999999 1 1 1 1 1 1 1 1 1 1 1 1 1 1 1 1 1 1
#_Wt_at_age_spawners 2 3 4 5 6 7 8 9 10 11 12 13 14 15 16 17 18 19 20 21 22 23 24 25 26 27 28 29 30 31 32 33 34 35 36 37 38 39 40 41 42 43 44 45 46 47 48 49 50
 27.7 73.8 138.4 215.1 297.6 380.9 461.4 536.8 605.8 667.7 722.5 770.6 812.3 848.3 879.1 905.4 927.8 946.8 962.8 976.3 987.7 997.3 1005.3 1012.1 1017.7 1022.5 1026.4 1029.8 1032.5 1034.9 1036.8 1038.4 1039.8 1040.9 1041.9 1042.7 1043.3 1043.9 1044.3 1044.7 1045 1045.3 1045.5 1045.7 1045.9 1046 1046.1 1046.2 1046.5
#_Wt_at_age_fishery 2 3 4 5 6 7 8 9 10 11 12 13 14 15 16 17 18 19 20 21 22 23 24 25 26 27 28 29 30 31 32 33 34 35 36 37 38 39 40 41 42 43 44 45 46 47 48 49 50
 27.7 73.8 138.4 215.1 297.6 380.9 461.4 536.8 605.8 667.7 722.5 770.6 812.3 848.3 879.1 905.4 927.8 946.8 962.8 976.3 987.7 997.3 1005.3 1012.1 1017.7 1022.5 1026.4 1029.8 1032.5 1034.9 1036.8 1038.4 1039.8 1040.9 1041.9 1042.7 1043.3 1043.9 1044.3 1044.7 1045 1045.3 1045.5 1045.7 1045.9 1046 1046.1 1046.2 1046.5
#_Selectivity_fishery_scaled_to_max_at_one 2 3 4 5 6 7 8 9 10 11 12 13 14 15 16 17 18 19 20 21 22 23 24 25 26 27 28 29 30 31 32 33 34 35 36 37 38 39 40 41 42 43 44 45 46 47 48 49 50
 5.40051e-05 0.000271304 0.00136175 0.00680517 0.0332828 0.147482 0.46503 0.813705 0.956422 0.991014 0.998199 0.999641 0.999929 0.999986 0.999997 0.999999 1 1 1 1 1 1 1 1 1 1 1 1 1 1 1 1 1 1 1 1 1 1 1 1 1 1 1 1 1 1 1 1 1
#_Numbers_at_age_end_year 2 3 4 5 6 7 8 9 10 11 12 13 14 15 16 17 18 19 20 21 22 23 24 25 26 27 28 29 30 31 32 33 34 35 36 37 38 39 40 41 42 43 44 45 46 47 48 49 50
 9.73727 8.35851 7.55131 5.94785 5.77071 4.04276 3.04265 2.22577 2.42961 2.20179 2.56831 2.29649 1.57799 1.48201 0.848377 0.775237 1.4652 2.7844 2.19662 2.75754 6.15783 3.4037 2.80627 4.2339 5.71475 1.0215 1.24598 1.22845 1.61299 0.757791 1.59223 1.2718 0.891369 1.67494 2.96487 0.895541 1.82062 1.10338 0.967161 0.513875 0.688768 1.31906 1.47789 0.879463 0.306625 0.527003 0.258279 0.389559 2.55323
#_N_recruitment_years
40
#_Recruitment_start_at_1977_yearclass=1979_for_age_2_recruits 1979 1980 1981 1982 1983 1984 1985 1986 1987 1988 1989 1990 1991 1992 1993 1994 1995 1996 1997 1998 1999 2000 2001 2002 2003 2004 2005 2006 2007 2008 2009 2010 2011 2012 2013 2014 2015 2016 2017 2018
 40.6847 19.9228 13.9441 24.5597 26.1286 40.0023 18.082 54.421 27.8765 13.4768 17.5063 20.0649 8.78711 17.2146 12.0241 11.1792 8.41926 43.2311 29.2726 17.6793 19.5367 32.2122 13.1616 9.58062 11.1033 5.34017 2.57806 2.56134 4.04232 3.8847 5.11014 5.18445 4.05614 4.09844 3.44627 4.36913 5.44306 7.31434 7.1039 8.50031
#_Spawners per recruitment (starting at 1977)
 17.7827 19.8418 22.4832 25.5732 28.9074 32.0365 34.0917 36.264 39.7432 43.9408 48.3912 52.7028 56.4245 59.5971 62.4937 64.178 64.5235 66.0395 66.7866 67.1197 67.7961 68.025 67.6875 65.9153 64.9188 64.0481 63.3551 62.2685 61.8087 61.7048 61.4038 61.2263 60.727 59.7515 58.214 56.3267 53.199 49.8431 46.616 43.5246 40.737 38.7993
