# Number of parameters = 180 Objective function value = 248.634952292299  Maximum gradient component = 6.35857461381586e-05
# steepness:
0.599550000000
# log_Rzero:
4.30000000000
# log_mean_rec:
3.40096113986
# sigr:
1.50000000000
# log_fish_sel_coffs:
 0.00000000000 0.00000000000 0.00000000000 0.00000000000 0.00000000000 0.00000000000 0.00000000000 0.00000000000 0.00000000000 0.00000000000 0.00000000000
# a50:
8.08678908693
# delta:
1.82388464520
# log_srv1_sel_coffs:
 0.00000000000 0.00000000000 0.00000000000 0.00000000000 0.00000000000 0.00000000000 0.00000000000 0.00000000000 0.00000000000
# a50_srv1:
8.91915543911
# delta_srv1:
4.54461340070
# log_srv2_sel_coffs:
 0.00000000000 0.00000000000 0.00000000000 0.00000000000 0.00000000000 0.00000000000 0.00000000000 0.00000000000 0.00000000000
# a50_srv2:
7.30000000000
# delta_srv2:
3.80000000000
# log_avg_F:
-3.44979663494
# log_F_devs:
 -1.33778104038 0.0841308411873 0.897328725202 1.62753825598 2.25252766537 1.89748102038 1.49916639778 1.37653966943 1.06188574017 0.566900352748 1.12467656197 1.16971946377 0.876812970577 0.773175284985 0.731814349375 0.563740685398 -0.829710626780 -1.12210218033 -1.08731286183 -1.00185800378 -0.474726986580 0.450563951932 0.320322136983 -1.06097783609 -2.86883874564 -2.67221632097 -2.06764316168 -1.28488876710 -1.00829533928 -0.940666122834 -0.0144986126399 0.498988212204 0.00173482397742 0.205325345278 0.159869121473 -0.351021864431 -0.472544692653 -0.420384649079 0.171660448361 -0.282247080454 -0.325757365946 -0.263343212924 0.175045091561 0.0852947326901 0.0271070175877 0.120890590818 -0.0416860695476 -0.0574571311161 -0.0547104334513 -0.0310121799386 -0.109329450572 0.336751772908 0.368532729847 0.307883900164 0.293358212352 0.219412330175 -0.350449741479 -0.0496293544942 0.161637900847 0.173269440930
# Est_nsamples_fish_age:
50.0000000000
# Est_nsamples_srv1_age:
50.0000000000
# Est_nsamples_fish_size:
50.0000000000
# mat_a50:
10.6102156193
# mat_delta:
0.648929375466
# log_rec_dev:
 -1.19813700996 -1.20227444738 -1.20662878770 -1.21120653927 -1.21601890620 -1.22107541320 -1.22638789202 -1.23196442777 -1.23781507153 -1.24395055636 -1.25038061433 -1.25711441213 -1.26416398667 -1.27153699546 -1.27924387748 -1.28729281998 -1.29569233301 -1.30445069822 -1.31357514720 -1.32307037352 -1.33294501654 -1.34319869741 -1.35383664613 -1.36484007230 -1.37615880388 -1.38751052098 -1.39797242091 -1.40575393942 -1.40945199010 -1.40987230426 -1.40845975595 -1.40777632178 -1.41762444393 -1.44314977498 -1.47055737822 -1.48999159783 -1.50669078044 -1.52027917401 -1.51745309276 -1.47646268198 -1.39771443677 -1.33375722231 -1.32345893227 -1.33849740590 -1.33397237436 -1.29191707407 -1.24510569876 -1.09897728430 -0.601045912198 -0.605247480307 -1.24319338959 -1.45365539641 -1.37303878204 -1.21132162866 -1.01363321379 -0.887302424686 -0.262088215051 -0.847183019112 0.465299748690 -0.421589428790 -0.906028085058 -0.272993604092 -0.905745094416 0.0533867983583 0.488872273096 0.304891413271 -0.409096796523 -0.765902036633 -0.199853077136 -0.137930785644 0.287977046685 -0.506044272572 0.595788964118 -0.0731769133242 -0.799987818664 -0.538401620034 -0.401988092148 -1.22767547763 -0.555203328480 -0.914052176409 -0.986910054743 -1.27043953415 0.365600016227 -0.0243101054276 -0.528568103257 -0.428664937590 0.0713854234260 -0.823658680160 -1.14121910935 -0.993722126517 -1.72570409269 -2.45392473538 -2.46042949392 -2.00414148099 -2.04391553127 -1.76973453242 -1.75529708538 -2.00072949198 -1.99035540846 -2.16366957522 -1.92639743594 -1.70662003621 -1.41112482717 -1.44031771832 -1.26085898488 -1.21849511876 -1.12500000055
# log_q_srv1:
-0.383270378598
# log_q_srv2:
0.00000000000
# cv_cpue:
0.00000000000
# logm:
-2.82709725899
# mF50:
0.0427715226621
# mF40:
0.0611310542412
# mF35:
0.0733859814574
