#Species name here:
Model_1_goa_nr_2020.dat
#SSL Species?
0
#Constant buffer of Dorn?
0
#Number of fisheries?
1
#Number of sexes?
1
#5year_Average_F(endyr-4,endyr_as_estimated_by_ADmodel)
0.0372968
#_Author_F_as_fraction_F_40%
1
#ABC SPR
0.4
#MSY SPR
0.35
#_Spawn_month
5
#_Number_of_ages
49
#_F_ratio(must_sum_to_one_only_one_fishery)
1
#_Natural_Mortality 2 3 4 5 6 7 8 9 10 11 12 13 14 15 16 17 18 19 20 21 22 23 24 25 26 27 28 29 30 31 32 33 34 35 36 37 38 39 40 41 42 43 44 45 46 47 48 49 50
 0.0595419 0.0595419 0.0595419 0.0595419 0.0595419 0.0595419 0.0595419 0.0595419 0.0595419 0.0595419 0.0595419 0.0595419 0.0595419 0.0595419 0.0595419 0.0595419 0.0595419 0.0595419 0.0595419 0.0595419 0.0595419 0.0595419 0.0595419 0.0595419 0.0595419 0.0595419 0.0595419 0.0595419 0.0595419 0.0595419 0.0595419 0.0595419 0.0595419 0.0595419 0.0595419 0.0595419 0.0595419 0.0595419 0.0595419 0.0595419 0.0595419 0.0595419 0.0595419 0.0595419 0.0595419 0.0595419 0.0595419 0.0595419 0.0595419
#_Maturity_divided_by_2(projection_program_uses_to_get_female_spawning_biomass_if_divide_by_2 2 3 4 5 6 7 8 9 10 11 12 13 14 15 16 17 18 19 20 21 22 23 24 25 26 27 28 29 30 31 32 33 34 35 36 37 38 39 40 41 42 43 44 45 46 47 48 49 50
 0.0037307 0.00711441 0.0135255 0.025565 0.047802 0.0876418 0.155271 0.260203 0.402277 0.562901 0.711334 0.825029 0.900225 0.945249 0.970619 0.984427 0.9918 0.995698 0.997747 0.998821 0.999384 0.999678 0.999832 0.999912 0.999954 0.999976 0.999987 0.999993 0.999997 0.999998 0.999999 1 1 1 1 1 1 1 1 1 1 1 1 1 1 1 1 1 1
#_Wt_at_age_spawners 2 3 4 5 6 7 8 9 10 11 12 13 14 15 16 17 18 19 20 21 22 23 24 25 26 27 28 29 30 31 32 33 34 35 36 37 38 39 40 41 42 43 44 45 46 47 48 49 50
 27.7 73.8 138.4 215.1 297.6 380.9 461.4 536.8 605.8 667.7 722.5 770.6 812.3 848.3 879.1 905.4 927.8 946.8 962.8 976.3 987.7 997.3 1005.3 1012.1 1017.7 1022.5 1026.4 1029.8 1032.5 1034.9 1036.8 1038.4 1039.8 1040.9 1041.9 1042.7 1043.3 1043.9 1044.3 1044.7 1045 1045.3 1045.5 1045.7 1045.9 1046 1046.1 1046.2 1046.5
#_Wt_at_age_fishery 2 3 4 5 6 7 8 9 10 11 12 13 14 15 16 17 18 19 20 21 22 23 24 25 26 27 28 29 30 31 32 33 34 35 36 37 38 39 40 41 42 43 44 45 46 47 48 49 50
 27.7 73.8 138.4 215.1 297.6 380.9 461.4 536.8 605.8 667.7 722.5 770.6 812.3 848.3 879.1 905.4 927.8 946.8 962.8 976.3 987.7 997.3 1005.3 1012.1 1017.7 1022.5 1026.4 1029.8 1032.5 1034.9 1036.8 1038.4 1039.8 1040.9 1041.9 1042.7 1043.3 1043.9 1044.3 1044.7 1045 1045.3 1045.5 1045.7 1045.9 1046 1046.1 1046.2 1046.5
#_Selectivity_fishery_scaled_to_max_at_one 2 3 4 5 6 7 8 9 10 11 12 13 14 15 16 17 18 19 20 21 22 23 24 25 26 27 28 29 30 31 32 33 34 35 36 37 38 39 40 41 42 43 44 45 46 47 48 49 50
 5.27725e-05 0.00026703 0.00135 0.00679524 0.0334678 0.149117 0.470045 0.817816 0.95784 0.991378 0.998285 0.999661 0.999933 0.999987 0.999997 0.999999 1 1 1 1 1 1 1 1 1 1 1 1 1 1 1 1 1 1 1 1 1 1 1 1 1 1 1 1 1 1 1 1 1
#_Numbers_at_age_end_year 2 3 4 5 6 7 8 9 10 11 12 13 14 15 16 17 18 19 20 21 22 23 24 25 26 27 28 29 30 31 32 33 34 35 36 37 38 39 40 41 42 43 44 45 46 47 48 49 50
 9.56316 8.18403 7.35395 5.74112 5.4735 3.77338 2.78058 2.00631 2.15746 1.95045 2.26245 2.02685 1.40156 1.31369 0.756634 0.692714 1.30339 2.4685 1.9527 2.45002 5.45856 3.02256 2.49165 3.76013 5.07785 0.911467 1.10782 1.09615 1.43465 0.678842 1.41917 1.13503 0.796717 1.49688 2.64372 0.80391 1.62578 0.984681 0.860539 0.458076 0.611827 1.17004 1.31895 0.791669 0.276992 0.481413 0.236138 0.354432 2.35873
#_N_recruitment_years
40
#_Recruitment_start_at_1977_yearclass=1979_for_age_2_recruits 1979 1980 1981 1982 1983 1984 1985 1986 1987 1988 1989 1990 1991 1992 1993 1994 1995 1996 1997 1998 1999 2000 2001 2002 2003 2004 2005 2006 2007 2008 2009 2010 2011 2012 2013 2014 2015 2016 2017 2018
 39.1284 19.1799 13.4659 23.6624 25.2353 38.6338 17.5391 52.3607 26.8369 12.9544 16.7731 19.1696 8.42591 16.3673 11.451 10.59 7.99083 40.7904 27.5505 16.5966 18.2983 30.0406 12.2709 8.91429 10.2763 4.9458 2.39138 2.36322 3.69178 3.53927 4.60551 4.6432 3.6388 3.6723 3.12349 4.00486 5.09039 6.9478 6.86439 8.28407
#_Spawners per recruitment (starting at 1977)
 17.7612 19.8259 22.4685 25.5518 28.8673 31.9607 33.9568 36.0404 39.3967 43.4339 47.6911 51.7915 55.2999 58.2649 60.9583 62.4365 62.5715 63.8825 64.4319 64.587 65.1134 65.2192 64.781 62.9234 61.8501 60.8996 60.1112 58.9007 58.2891 58.0159 57.5423 57.2039 56.5669 55.4896 53.8936 51.9927 48.8921 45.595 42.4466 39.4408 36.7406 34.8888
