# Number of parameters = 180 Objective function value = 239.940575314642  Maximum gradient component = 8.61721818064429e-05
# steepness:
0.599550000000
# log_Rzero:
4.30000000000
# log_mean_rec:
3.38291838136
# sigr:
1.50000000000
# log_fish_sel_coffs:
 0.00000000000 0.00000000000 0.00000000000 0.00000000000 0.00000000000 0.00000000000 0.00000000000 0.00000000000 0.00000000000 0.00000000000 0.00000000000
# a50:
8.07397824852
# delta:
1.81577917279
# log_srv1_sel_coffs:
 0.00000000000 0.00000000000 0.00000000000 0.00000000000 0.00000000000 0.00000000000 0.00000000000 0.00000000000 0.00000000000
# a50_srv1:
8.78734596973
# delta_srv1:
4.40012745317
# log_srv2_sel_coffs:
 0.00000000000 0.00000000000 0.00000000000 0.00000000000 0.00000000000 0.00000000000 0.00000000000 0.00000000000 0.00000000000
# a50_srv2:
7.30000000000
# delta_srv2:
3.80000000000
# log_avg_F:
-3.41321196760
# log_F_devs:
 -1.35882283081 0.0612768657841 0.872136452579 1.59864724573 2.21859485141 1.86845985175 1.47188444537 1.34729648381 1.03032300841 0.534152101048 1.08971098589 1.13391232365 0.840854786922 0.736433515508 0.694132208703 0.525191068549 -0.867691566742 -1.16089544520 -1.12560261608 -1.03876304337 -0.510390678085 0.416429230549 0.288572400298 -1.08863419761 -2.89293596323 -2.69265471291 -2.08535485187 -1.30033859558 -1.02167888954 -0.952161652320 -0.0233577080513 0.493212636215 -0.00186273277986 0.204454397648 0.161442064429 -0.347628779986 -0.467443176468 -0.413597366494 0.180632435621 -0.271182072922 -0.312899569215 -0.248608800638 0.193145903163 0.106577990399 0.0511008164017 0.148019095734 -0.0117309703624 -0.0244532442940 -0.0187573904409 0.00796822896425 -0.0676703634002 0.381816471171 0.417929815436 0.361951713667 0.353405722138 0.284239119699 -0.282125028316 0.0222663216689 0.237463092196 0.253605630568
# Est_nsamples_fish_age:
50.0000000000
# Est_nsamples_srv1_age:
50.0000000000
# Est_nsamples_fish_size:
50.0000000000
# mat_a50:
10.6102154514
# mat_delta:
0.648929419747
# log_rec_dev:
 -1.19089666830 -1.19467483729 -1.19865406462 -1.20284401790 -1.20725105950 -1.21188873905 -1.21676586457 -1.22189168713 -1.22727612654 -1.23292874597 -1.23886095755 -1.24508132814 -1.25160122070 -1.25842959274 -1.26557660053 -1.27305121939 -1.28086246760 -1.28901890924 -1.29752774248 -1.30639687204 -1.31563191567 -1.32523788451 -1.33521758436 -1.34555896999 -1.35620771263 -1.36687936243 -1.37664199514 -1.38367827450 -1.38655330368 -1.38607675634 -1.38372202405 -1.38209212876 -1.39119059075 -1.41632457550 -1.44344198055 -1.46246171850 -1.47874075959 -1.49193614382 -1.48852851423 -1.44631530825 -1.36536732854 -1.29915445112 -1.28811721111 -1.30353914885 -1.29925892209 -1.25697058030 -1.21154189402 -1.06768512494 -0.554441949568 -0.564726422932 -1.21922098657 -1.42899189692 -1.34622087950 -1.18322959035 -0.985892885269 -0.866815546274 -0.230078814857 -0.844177732836 0.492961932163 -0.414480683816 -0.894323055463 -0.262383345961 -0.906639811619 0.0483460089663 0.474531153282 0.283930476657 -0.429055639116 -0.782759644478 -0.219031328024 -0.154674305310 0.271209476529 -0.518487301492 0.575238556704 -0.0931387208291 -0.821486492759 -0.563139189182 -0.429591952097 -1.25160741517 -0.587631267275 -0.944844030221 -1.02300823325 -1.30462435928 0.325527428827 -0.0668984823763 -0.573723181207 -0.476109402254 0.0196309813441 -0.875686132490 -1.19526308245 -1.05308167111 -1.78438000897 -2.51104966453 -2.52289153859 -2.07681075208 -2.11899829608 -1.85566478166 -1.84751510068 -2.09126307959 -2.08210076138 -2.24396865061 -1.99540878827 -1.75556402054 -1.44449375305 -1.45657084878 -1.26858356567 -1.22118963661 -1.12499989593
# log_q_srv1:
-0.311179545621
# log_q_srv2:
0.00000000000
# cv_cpue:
0.00000000000
# logm:
-2.82107480544
# mF50:
0.0429396379424
# mF40:
0.0613577156386
# mF35:
0.0736481226595
