# Number of parameters = 185 Objective function value = 288.611693543697  Maximum gradient component = 6.67025122942204e-05
# steepness:
0.599550000000
# log_Rzero:
4.30000000000
# log_mean_rec:
3.52331224901
# sigr:
1.50000000000
# log_fish_sel_coffs:
 0.00000000000 0.00000000000 0.00000000000 0.00000000000 0.00000000000 0.00000000000 0.00000000000 0.00000000000 0.00000000000 0.00000000000 0.00000000000
# a50:
8.16724813300
# delta:
1.87603979492
# log_srv1_sel_coffs:
 0.00000000000 0.00000000000 0.00000000000 0.00000000000 0.00000000000 0.00000000000 0.00000000000 0.00000000000 0.00000000000
# a50_srv1:
9.02129549429
# delta_srv1:
4.21420398323
# log_srv2_sel_coffs:
 0.00000000000 0.00000000000 0.00000000000 0.00000000000 0.00000000000 0.00000000000 0.00000000000 0.00000000000 0.00000000000
# a50_srv2:
7.30000000000
# delta_srv2:
3.80000000000
# log_avg_F:
-3.65364232487
# log_F_devs:
 -1.21673507911 0.207367806303 1.02128787780 1.74988789423 2.36634611595 1.98644491418 1.57488658245 1.45949078620 1.16613464390 0.683749583301 1.23704831101 1.26049833073 0.945998983412 0.831270632202 0.787701618750 0.626172724730 -0.760937853630 -1.05376627326 -1.02570090038 -0.947195448906 -0.429281291294 0.485954438116 0.355891619673 -1.01680745885 -2.82401369783 -2.62691390639 -2.02544398673 -1.24639244225 -0.970906489296 -0.902068060350 0.0259101060132 0.536308810921 0.0301489682966 0.224544902247 0.169583011285 -0.348700263041 -0.475997751226 -0.429352973797 0.152834668157 -0.308263947092 -0.355731665823 -0.293339250684 0.144801141711 0.0510600723155 -0.0110095328386 0.0780698031110 -0.0916430825958 -0.115534216882 -0.122185031803 -0.108605606931 -0.198264165222 0.235404316695 0.254014333046 0.179846273278 0.154608203269 0.0705718610796 -0.508065087483 -0.215246127716 -0.0135573290993 -0.104376279503 -0.0590112656418 -0.248793603904
# Est_nsamples_fish_age:
50.0000000000
# Est_nsamples_srv1_age:
50.0000000000
# Est_nsamples_fish_size:
50.0000000000
# mat_a50:
10.6102154953
# mat_delta:
0.648929402930
# log_rec_dev:
 -1.20239143031 -1.20677843159 -1.21139397995 -1.21624625684 -1.22134399473 -1.22670084338 -1.23232691138 -1.23823102009 -1.24442355278 -1.25091657974 -1.25771783222 -1.26483691308 -1.27228579753 -1.28007385621 -1.28821113663 -1.29670438197 -1.30556237786 -1.31479366036 -1.32440483828 -1.33440239181 -1.34478907788 -1.35557055013 -1.36674545026 -1.37831271986 -1.39026943502 -1.40261143013 -1.41532581737 -1.42839959736 -1.44181584212 -1.45554901027 -1.46956390293 -1.48380639785 -1.49823752289 -1.51278978787 -1.52738200605 -1.54189202178 -1.55616051774 -1.56956216182 -1.57999841322 -1.58213285262 -1.56601948954 -1.52209949632 -1.45988576600 -1.42392672285 -1.44098731135 -1.45668423314 -1.39990281297 -1.26121063071 -1.09867479658 -0.984058235737 -1.00312432804 -1.11707596004 -1.17684177510 -1.12071791047 -1.11871120775 -1.10015689981 -0.814035245703 -0.486618000710 -0.730176762240 0.601326983131 -0.619851254560 -0.654211095397 -0.156896806161 -0.585940668729 -0.461320472910 0.715918710197 0.208778923133 -0.431099661256 -0.394770312272 -0.270967779244 0.0166884524279 0.133902884796 -0.369023532203 0.636620093473 0.0499906502414 -0.729257770380 -0.393998915693 -0.323861627692 -1.21699010074 -0.384106393386 -0.776914003018 -0.895564310053 -1.23340962543 0.418383752113 0.00899369976930 -0.406496749522 -0.381278228179 0.204710347563 -0.671337102771 -0.982732345538 -0.765816061680 -1.38519230090 -2.22212214559 -2.18990921404 -1.70514247422 -1.95500259410 -1.84524639817 -1.66547062227 -1.56523474451 -1.83785307570 -2.18215380358 -1.67808945550 -2.04643715205 -1.67965206933 -1.93442212547 -1.60942365285 -1.50093144951 -1.32884197180 -1.21348697574 -1.12499998036
# log_q_srv1:
-0.0486577803235
# log_q_srv2:
0.00000000000
# cv_cpue:
0.00000000000
# logm:
-2.82106539226
# mF50:
0.0426722657589
# mF40:
0.0609718595379
# mF35:
0.0731866322606
