#Species name here:
Model_1_goa_nr_2022.dat
#SSL Species?
0
#Constant buffer of Dorn?
0
#Number of fisheries?
1
#Number of sexes?
1
#5year_Average_F(endyr-4,endyr_as_estimated_by_ADmodel)
0.0228729
#_Author_F_as_fraction_F_40%
1
#ABC SPR
0.4
#MSY SPR
0.35
#_Spawn_month
5
#_Number_of_ages
50
#_F_ratio(must_sum_to_one_only_one_fishery)
1
#_Natural_Mortality 2 3 4 5 6 7 8 9 10 11 12 13 14 15 16 17 18 19 20 21 22 23 24 25 26 27 28 29 30 31 32 33 34 35 36 37 38 39 40 41 42 43 44 45 46 47 48 49 50 51
 0.0595425 0.0595425 0.0595425 0.0595425 0.0595425 0.0595425 0.0595425 0.0595425 0.0595425 0.0595425 0.0595425 0.0595425 0.0595425 0.0595425 0.0595425 0.0595425 0.0595425 0.0595425 0.0595425 0.0595425 0.0595425 0.0595425 0.0595425 0.0595425 0.0595425 0.0595425 0.0595425 0.0595425 0.0595425 0.0595425 0.0595425 0.0595425 0.0595425 0.0595425 0.0595425 0.0595425 0.0595425 0.0595425 0.0595425 0.0595425 0.0595425 0.0595425 0.0595425 0.0595425 0.0595425 0.0595425 0.0595425 0.0595425 0.0595425 0.0595425
#_Maturity_divided_by_2(projection_program_uses_to_get_female_spawning_biomass_if_divide_by_2 2 3 4 5 6 7 8 9 10 11 12 13 14 15 16 17 18 19 20 21 22 23 24 25 26 27 28 29 30 31 32 33 34 35 36 37 38 39 40 41 42 43 44 45 46 47 48 49 50 51
 0.0037307 0.00711441 0.0135255 0.025565 0.0478021 0.0876418 0.155271 0.260203 0.402277 0.562901 0.711334 0.825029 0.900225 0.945249 0.970619 0.984427 0.9918 0.995698 0.997747 0.998821 0.999384 0.999678 0.999832 0.999912 0.999954 0.999976 0.999987 0.999993 0.999997 0.999998 0.999999 1 1 1 1 1 1 1 1 1 1 1 1 1 1 1 1 1 1 1
#_Wt_at_age_spawners 2 3 4 5 6 7 8 9 10 11 12 13 14 15 16 17 18 19 20 21 22 23 24 25 26 27 28 29 30 31 32 33 34 35 36 37 38 39 40 41 42 43 44 45 46 47 48 49 50 51
 29.7 74.4 136 209.2 288.5 369.4 448.5 523.6 593.2 656.6 713.6 764.2 808.7 847.7 881.5 910.8 936 957.7 976.2 992.1 1005.6 1017.1 1026.9 1035.2 1042.2 1048.2 1053.3 1057.6 1061.2 1064.3 1066.9 1069.1 1070.9 1072.5 1073.8 1074.9 1075.9 1076.7 1077.4 1077.9 1078.4 1078.8 1079.2 1079.5 1079.7 1079.9 1080.1 1080.2 1080.4 1080.8
#_Wt_at_age_fishery 2 3 4 5 6 7 8 9 10 11 12 13 14 15 16 17 18 19 20 21 22 23 24 25 26 27 28 29 30 31 32 33 34 35 36 37 38 39 40 41 42 43 44 45 46 47 48 49 50 51
 29.7 74.4 136 209.2 288.5 369.4 448.5 523.6 593.2 656.6 713.6 764.2 808.7 847.7 881.5 910.8 936 957.7 976.2 992.1 1005.6 1017.1 1026.9 1035.2 1042.2 1048.2 1053.3 1057.6 1061.2 1064.3 1066.9 1069.1 1070.9 1072.5 1073.8 1074.9 1075.9 1076.7 1077.4 1077.9 1078.4 1078.8 1079.2 1079.5 1079.7 1079.9 1080.1 1080.2 1080.4 1080.8
#_Selectivity_fishery_scaled_to_max_at_one 2 3 4 5 6 7 8 9 10 11 12 13 14 15 16 17 18 19 20 21 22 23 24 25 26 27 28 29 30 31 32 33 34 35 36 37 38 39 40 41 42 43 44 45 46 47 48 49 50 51
 6.25502e-05 0.000300434 0.00144171 0.00688852 0.0322489 0.138001 0.43475 0.787011 0.946672 0.98841 0.997565 0.999492 0.999894 0.999978 0.999995 0.999999 1 1 1 1 1 1 1 1 1 1 1 1 1 1 1 1 1 1 1 1 1 1 1 1 1 1 1 1 1 1 1 1 1 1
#_Numbers_at_age_end_year 2 3 4 5 6 7 8 9 10 11 12 13 14 15 16 17 18 19 20 21 22 23 24 25 26 27 28 29 30 31 32 33 34 35 36 37 38 39 40 41 42 43 44 45 46 47 48 49 50 51
 11.0046 9.4904 7.96755 6.31994 5.34151 3.63346 4.40206 2.84409 3.80064 2.11503 2.74924 3.33083 2.77552 2.12714 1.74331 2.04404 1.14985 1.02007 2.16566 3.70323 2.74413 3.4469 7.60532 3.88482 3.47536 4.83069 6.68748 1.18247 1.53034 1.58814 2.16793 0.87099 1.96586 1.68664 1.10472 2.20048 3.60895 1.20612 1.8377 1.51868 1.0632 0.87951 0.795773 1.41569 2.1952 0.62494 0.504862 0.710711 0.399729 3.64468
#_N_recruitment_years
42
#_Recruitment_start_at_1977_yearclass=1979_for_age_2_recruits 1979 1980 1981 1982 1983 1984 1985 1986 1987 1988 1989 1990 1991 1992 1993 1994 1995 1996 1997 1998 1999 2000 2001 2002 2003 2004 2005 2006 2007 2008 2009 2010 2011 2012 2013 2014 2015 2016 2017 2018 2019 2020
 41.7664 22.0258 22.8407 25.8509 34.4669 38.7533 23.4364 64.0672 35.6341 16.3472 22.8583 24.5191 10.0374 23.0855 15.5864 13.8426 9.87398 51.5059 34.2027 22.5744 23.1509 41.5968 17.322 12.687 15.7603 8.48347 3.67367 3.79393 6.16057 4.79853 5.35519 6.40989 7.08569 5.39493 3.82347 6.32951 4.37924 6.31963 4.89831 6.7794 7.55629 8.97525
#_Spawners per recruitment (starting at 1977)
 20.9246 23.2965 26.346 29.9756 33.9701 37.8265 40.6137 43.4776 47.6306 52.5106 57.6755 62.723 67.1685 71.027 74.5628 76.8288 77.7314 79.8677 81.2764 82.2711 83.5478 84.2758 84.3302 82.8589 82.0916 81.3983 80.8558 79.9217 79.6696 79.8321 79.8367 79.9908 79.8113 79.0993 77.7263 75.8801 72.6568 69.0673 65.4906 61.9593 58.6758 56.2225 53.5982 50.8771
