#Species name here:
Model_1_goa_nr_2020.dat
#SSL Species?
0
#Constant buffer of Dorn?
0
#Number of fisheries?
1
#Number of sexes?
1
#5year_Average_F(endyr-4,endyr_as_estimated_by_ADmodel)
0.0252497
#_Author_F_as_fraction_F_40%
1
#ABC SPR
0.4
#MSY SPR
0.35
#_Spawn_month
5
#_Number_of_ages
49
#_F_ratio(must_sum_to_one_only_one_fishery)
1
#_Natural_Mortality 2 3 4 5 6 7 8 9 10 11 12 13 14 15 16 17 18 19 20 21 22 23 24 25 26 27 28 29 30 31 32 33 34 35 36 37 38 39 40 41 42 43 44 45 46 47 48 49 50
 0.0589439 0.0589439 0.0589439 0.0589439 0.0589439 0.0589439 0.0589439 0.0589439 0.0589439 0.0589439 0.0589439 0.0589439 0.0589439 0.0589439 0.0589439 0.0589439 0.0589439 0.0589439 0.0589439 0.0589439 0.0589439 0.0589439 0.0589439 0.0589439 0.0589439 0.0589439 0.0589439 0.0589439 0.0589439 0.0589439 0.0589439 0.0589439 0.0589439 0.0589439 0.0589439 0.0589439 0.0589439 0.0589439 0.0589439 0.0589439 0.0589439 0.0589439 0.0589439 0.0589439 0.0589439 0.0589439 0.0589439 0.0589439 0.0589439
#_Maturity_divided_by_2(projection_program_uses_to_get_female_spawning_biomass_if_divide_by_2 2 3 4 5 6 7 8 9 10 11 12 13 14 15 16 17 18 19 20 21 22 23 24 25 26 27 28 29 30 31 32 33 34 35 36 37 38 39 40 41 42 43 44 45 46 47 48 49 50
 0.0037307 0.00711442 0.0135255 0.025565 0.0478021 0.0876418 0.155271 0.260203 0.402277 0.562901 0.711334 0.825029 0.900225 0.945249 0.970619 0.984427 0.9918 0.995698 0.997747 0.998821 0.999384 0.999678 0.999832 0.999912 0.999954 0.999976 0.999987 0.999993 0.999997 0.999998 0.999999 1 1 1 1 1 1 1 1 1 1 1 1 1 1 1 1 1 1
#_Wt_at_age_spawners 2 3 4 5 6 7 8 9 10 11 12 13 14 15 16 17 18 19 20 21 22 23 24 25 26 27 28 29 30 31 32 33 34 35 36 37 38 39 40 41 42 43 44 45 46 47 48 49 50
 27.7 73.8 138.4 215.1 297.6 380.9 461.4 536.8 605.8 667.7 722.5 770.6 812.3 848.3 879.1 905.4 927.8 946.8 962.8 976.3 987.7 997.3 1005.3 1012.1 1017.7 1022.5 1026.4 1029.8 1032.5 1034.9 1036.8 1038.4 1039.8 1040.9 1041.9 1042.7 1043.3 1043.9 1044.3 1044.7 1045 1045.3 1045.5 1045.7 1045.9 1046 1046.1 1046.2 1046.5
#_Wt_at_age_fishery 2 3 4 5 6 7 8 9 10 11 12 13 14 15 16 17 18 19 20 21 22 23 24 25 26 27 28 29 30 31 32 33 34 35 36 37 38 39 40 41 42 43 44 45 46 47 48 49 50
 27.7 73.8 138.4 215.1 297.6 380.9 461.4 536.8 605.8 667.7 722.5 770.6 812.3 848.3 879.1 905.4 927.8 946.8 962.8 976.3 987.7 997.3 1005.3 1012.1 1017.7 1022.5 1026.4 1029.8 1032.5 1034.9 1036.8 1038.4 1039.8 1040.9 1041.9 1042.7 1043.3 1043.9 1044.3 1044.7 1045 1045.3 1045.5 1045.7 1045.9 1046 1046.1 1046.2 1046.5
#_Selectivity_fishery_scaled_to_max_at_one 2 3 4 5 6 7 8 9 10 11 12 13 14 15 16 17 18 19 20 21 22 23 24 25 26 27 28 29 30 31 32 33 34 35 36 37 38 39 40 41 42 43 44 45 46 47 48 49 50
 5.60984e-05 0.000278414 0.00138054 0.00681577 0.0329438 0.144645 0.456359 0.806467 0.953886 0.990355 0.998042 0.999605 0.99992 0.999984 0.999997 0.999999 1 1 1 1 1 1 1 1 1 1 1 1 1 1 1 1 1 1 1 1 1 1 1 1 1 1 1 1 1 1 1 1 1
#_Numbers_at_age_end_year 2 3 4 5 6 7 8 9 10 11 12 13 14 15 16 17 18 19 20 21 22 23 24 25 26 27 28 29 30 31 32 33 34 35 36 37 38 39 40 41 42 43 44 45 46 47 48 49 50
 10.5913 9.1203 8.30663 6.62929 6.62046 4.77628 3.75849 2.84311 3.2215 2.94045 3.48547 3.12308 2.13065 2.02019 1.14331 1.04149 1.99284 3.80586 2.97619 3.73512 8.35716 4.58559 3.78458 5.70614 7.69898 1.36125 1.67852 1.64051 2.17028 1.00343 2.13391 1.69847 1.18716 2.23553 3.95872 1.1806 2.42015 1.46122 1.27874 0.67673 0.911605 1.73781 1.94267 1.15946 0.402593 0.691563 0.338164 0.510451 3.35296
#_N_recruitment_years
40
#_Recruitment_start_at_1977_yearclass=1979_for_age_2_recruits 1979 1980 1981 1982 1983 1984 1985 1986 1987 1988 1989 1990 1991 1992 1993 1994 1995 1996 1997 1998 1999 2000 2001 2002 2003 2004 2005 2006 2007 2008 2009 2010 2011 2012 2013 2014 2015 2016 2017 2018
 44.8825 22.095 15.3968 27.2493 29.071 44.7475 20.1112 61.5453 31.656 15.3394 20.0687 23.1733 10.0597 20.0906 13.9814 13.1669 9.84697 51.3225 34.9312 21.2265 23.566 39.3703 16.1486 11.8258 13.9067 6.69582 3.21377 3.22774 5.19958 4.99733 6.68489 6.8298 5.29999 5.35556 4.36844 5.3798 6.42047 8.38269 7.91196 9.34602
#_Spawners per recruitment (starting at 1977)
 19.6302 21.8364 24.6744 28.0086 31.6239 35.0561 37.4295 39.948 43.8203 48.4654 53.4035 58.2103 62.4069 66.0316 69.3777 71.5316 72.3757 74.4111 75.6693 76.4637 77.5212 78.0487 77.9401 76.3492 75.512 74.8134 74.3449 73.5707 73.5156 73.8756 74.052 74.322 74.2012 73.4994 72.1036 70.2214 66.9791 63.4097 59.9054 56.5036 53.4005 51.1536
