# Number of parameters = 180 Objective function value = 249.481604868440  Maximum gradient component = 6.87937370669591e-05
# steepness:
0.599550000000
# log_Rzero:
4.30000000000
# log_mean_rec:
3.48502874399
# sigr:
1.50000000000
# log_fish_sel_coffs:
 0.00000000000 0.00000000000 0.00000000000 0.00000000000 0.00000000000 0.00000000000 0.00000000000 0.00000000000 0.00000000000 0.00000000000 0.00000000000
# a50:
8.10922839900
# delta:
1.83772091718
# log_srv1_sel_coffs:
 0.00000000000 0.00000000000 0.00000000000 0.00000000000 0.00000000000 0.00000000000 0.00000000000 0.00000000000 0.00000000000
# a50_srv1:
9.14553903242
# delta_srv1:
4.86711119764
# log_srv2_sel_coffs:
 0.00000000000 0.00000000000 0.00000000000 0.00000000000 0.00000000000 0.00000000000 0.00000000000 0.00000000000 0.00000000000
# a50_srv2:
7.30000000000
# delta_srv2:
3.80000000000
# log_avg_F:
-3.58619820946
# log_F_devs:
 -1.26227490806 0.162484322328 0.978470990260 1.71184863113 2.33771275313 1.96212718569 1.55268096362 1.42851534800 1.11511078935 0.621212641702 1.18089786909 1.22278860664 0.925927435293 0.820758615039 0.778704688772 0.610530364847 -0.783090677600 -1.07189951811 -1.03566923084 -0.950708596213 -0.424432791165 0.498411874284 0.364600750558 -1.01871309540 -2.82767887649 -2.63240730768 -2.02920007006 -1.24759066244 -0.972433022989 -0.906703713048 0.0163856135652 0.524725675921 0.0207007201825 0.218651459435 0.167692189254 -0.347006066646 -0.472047117058 -0.423306421220 0.163883104916 -0.294950268771 -0.342459364385 -0.284102883131 0.148048750043 0.0511956800516 -0.0130472352546 0.0738404087100 -0.0958205008104 -0.118338784833 -0.123663990534 -0.106745472375 -0.191899024221 0.245444395593 0.267671802550 0.197045285567 0.174363579606 0.0904406883106 -0.487200498324 -0.192935721324 0.0101087951385 0.0133475084827
# Est_nsamples_fish_age:
50.0000000000
# Est_nsamples_srv1_age:
50.0000000000
# Est_nsamples_fish_size:
50.0000000000
# mat_a50:
10.6102154740
# mat_delta:
0.648929381887
# log_rec_dev:
 -1.21382031733 -1.21874874834 -1.22392532369 -1.22936002243 -1.23506038593 -1.24104020795 -1.24730955062 -1.25387861189 -1.26075541890 -1.26795227228 -1.27547823981 -1.28334356454 -1.29155771955 -1.30013035969 -1.30906909131 -1.31838326759 -1.32808090506 -1.33816585723 -1.34864844164 -1.35952924143 -1.37081484066 -1.38250449152 -1.39460061070 -1.40708422177 -1.41989975668 -1.43277276910 -1.44480447670 -1.45426340742 -1.45980996005 -1.46223619375 -1.46294094977 -1.46440012674 -1.47599773804 -1.50256759400 -1.53086027190 -1.55146523925 -1.56938774143 -1.58419860944 -1.58305106587 -1.54514144527 -1.47154658532 -1.41289674884 -1.40486902180 -1.41969509135 -1.41473044911 -1.37310701569 -1.32297367594 -1.17032016037 -0.698305431598 -0.686997340562 -1.28892209931 -1.49629340884 -1.41443401935 -1.24909252906 -1.04523666124 -0.907474673397 -0.285720988284 -0.849626393250 0.450929601623 -0.426331533140 -0.910263169420 -0.273212240517 -0.902594275341 0.0641301999128 0.499358707818 0.319019265165 -0.389676720490 -0.750868585642 -0.180001902708 -0.115286137175 0.316006319774 -0.483750925070 0.634745098652 -0.0301019665323 -0.754602659123 -0.485866027970 -0.342030038316 -1.17649283603 -0.484776830272 -0.847297524554 -0.907325680917 -1.19786474236 0.453100108908 0.0683514567825 -0.429778930247 -0.325223641335 0.187982136409 -0.703193137005 -1.01474235591 -0.852658760520 -1.58354507875 -2.31758296846 -2.31324658570 -1.83645145804 -1.87612553073 -1.58517865282 -1.56373348513 -1.81732360069 -1.80689279360 -2.01062330633 -1.80237830444 -1.62553677818 -1.35885966633 -1.41665369333 -1.25007837348 -1.21558057052 -1.12499965537
# log_q_srv1:
-0.387470464670
# log_q_srv2:
0.00000000000
# cv_cpue:
0.00000000000
# logm:
-2.83116919846
# mF50:
0.0427017825476
# mF40:
0.0610493690688
# mF35:
0.0733014552651
