# Number of parameters = 185 Objective function value = 460.082483792985  Maximum gradient component = 6.09016372155088e-05
# steepness:
0.599550000000
# log_Rzero:
4.30000000000
# log_mean_rec:
3.46466936399
# sigr:
1.50000000000
# log_fish_sel_coffs:
 0.00000000000 0.00000000000 0.00000000000 0.00000000000 0.00000000000 0.00000000000 0.00000000000 0.00000000000 0.00000000000 0.00000000000 0.00000000000
# a50:
8.25243610767
# delta:
1.97883932543
# log_srv1_sel_coffs:
 0.00000000000 0.00000000000 0.00000000000 0.00000000000 0.00000000000 0.00000000000 0.00000000000 0.00000000000 0.00000000000
# a50_srv1:
9.39872523438
# delta_srv1:
4.78398380947
# log_srv2_sel_coffs:
 0.00000000000 0.00000000000 0.00000000000 0.00000000000 0.00000000000 0.00000000000 0.00000000000 0.00000000000 0.00000000000
# a50_srv2:
7.30000000000
# delta_srv2:
3.80000000000
# log_avg_F:
-3.58635773439
# log_F_devs:
 -1.19825010077 0.234533715782 1.06382547709 1.82352364951 2.49960912266 2.13643727158 1.73410587756 1.61808662644 1.30806648969 0.803426766664 1.34910709639 1.37677900203 1.06564808693 0.948683521419 0.900600281097 0.735463784465 -0.659219272748 -0.959585158228 -0.946828761061 -0.886520476085 -0.376156299928 0.539803486857 0.408925740523 -0.968158612670 -2.78638717996 -2.60536700127 -2.01468943952 -1.23942809504 -0.966095541742 -0.902282065723 0.0189907977055 0.526357183214 0.0140881593464 0.203977700315 0.146782220190 -0.371628310446 -0.501252746270 -0.456348362806 0.121898769316 -0.339310970708 -0.389216826910 -0.333080184087 0.0941323476568 -0.00940279071099 -0.0789348812247 0.00331451297711 -0.171445290980 -0.202304895694 -0.215311381520 -0.206493862490 -0.299674402022 0.131007839124 0.147677951653 0.0703640294579 0.0398557638325 -0.0490634604227 -0.631520945846 -0.341946421989 -0.142833444708 -0.236255961631 -0.193746002847 -0.386333859507
# Est_nsamples_fish_age:
50.0000000000
# Est_nsamples_srv1_age:
50.0000000000
# Est_nsamples_fish_size:
50.0000000000
# mat_a50:
10.6102154848
# mat_delta:
0.648929402986
# log_rec_dev:
 -1.22402268685 -1.22947549509 -1.23519786240 -1.24119792833 -1.24748459014 -1.25407307953 -1.26097419031 -1.26819626185 -1.27574953496 -1.28364567505 -1.29188989856 -1.30049570131 -1.30946939633 -1.31882251064 -1.32856119052 -1.33869273414 -1.34922223280 -1.36015622817 -1.37150142811 -1.38325650571 -1.39542543917 -1.40800679134 -1.42099561514 -1.43438545265 -1.44816862226 -1.46233361096 -1.47686028437 -1.49172630678 -1.50690626261 -1.52236277419 -1.53804874699 -1.55388924945 -1.56983496260 -1.58580020027 -1.60168248300 -1.61733305910 -1.63256855484 -1.64683512252 -1.65825610619 -1.66195098956 -1.64798787414 -1.60469915288 -1.53534888723 -1.47736261704 -1.46405579402 -1.45263147900 -1.36989308109 -1.21315456822 -1.03541334407 -0.809731678247 -0.753473740799 -1.07639265747 -1.28948113106 -1.25967468976 -1.12885483627 -1.04102436243 -0.836250671206 -0.576636157076 -0.743582507674 0.547062395514 -0.413097646839 -0.582331219738 -0.373317730686 -0.608234849095 -0.369201008123 0.685254045767 0.374999529464 -0.292154847884 -0.550108441060 -0.284186387646 -0.0124130584783 0.367121930537 -0.664098915369 0.774819058204 0.000358973934159 -0.691164439182 -0.388644967839 -0.222727335383 -1.25007957108 -0.336685139288 -0.827969594556 -0.718781099619 -1.17434075929 0.606938128786 0.208911413782 -0.353148883887 -0.215603501703 0.340737579653 -0.500262303325 -0.880836593264 -0.604527956223 -1.25656186619 -2.24375787112 -2.22713154919 -1.55775900101 -1.85218416673 -1.47039334059 -1.40250182176 -1.50898676087 -1.63022257505 -2.16393960278 -1.61580017330 -1.79151576820 -1.51626829586 -1.92657131363 -1.61041393371 -1.51716565783 -1.33923747642 -1.23175925999 -1.12500011758
# log_q_srv1:
-0.197535528435
# log_q_srv2:
0.00000000000
# cv_cpue:
0.00000000000
# logm:
-2.82896382538
# mF50:
0.0426656546193
# mF40:
0.0610223204467
# mF35:
0.0732927328627
