# Number of parameters = 185 Objective function value = 267.747453086919  Maximum gradient component = 7.16502994281375e-05
# steepness:
0.599550000000
# log_Rzero:
4.30000000000
# log_mean_rec:
3.50390861235
# sigr:
1.50000000000
# log_fish_sel_coffs:
 0.00000000000 0.00000000000 0.00000000000 0.00000000000 0.00000000000 0.00000000000 0.00000000000 0.00000000000 0.00000000000 0.00000000000 0.00000000000
# a50:
8.23719578492
# delta:
1.91866640868
# log_srv1_sel_coffs:
 0.00000000000 0.00000000000 0.00000000000 0.00000000000 0.00000000000 0.00000000000 0.00000000000 0.00000000000 0.00000000000
# a50_srv1:
9.09355629491
# delta_srv1:
4.31923047888
# log_srv2_sel_coffs:
 0.00000000000 0.00000000000 0.00000000000 0.00000000000 0.00000000000 0.00000000000 0.00000000000 0.00000000000 0.00000000000
# a50_srv2:
7.30000000000
# delta_srv2:
3.80000000000
# log_avg_F:
-3.58385236595
# log_F_devs:
 -1.28306124683 0.140199833981 0.952641543234 1.67793968633 2.28974699704 1.91823978977 1.51557034959 1.40878774713 1.12294109172 0.646529313912 1.20801861960 1.24452195275 0.942561137836 0.835801151139 0.798114766724 0.644693350645 -0.735539824209 -1.02062427087 -0.991743165230 -0.920367489050 -0.403644808221 0.516721388258 0.389882559033 -0.981570055502 -2.79223891420 -2.60309212227 -2.00728646156 -1.23024028545 -0.956209854061 -0.890429678442 0.0349559024681 0.546156698362 0.0400591009128 0.234941837688 0.181355511206 -0.335989512042 -0.463551439451 -0.416583500320 0.167372898873 -0.293055078553 -0.341087697776 -0.279675928688 0.155952440289 0.0591776963077 -0.00563314517619 0.0822175014391 -0.0885440790171 -0.113680406335 -0.120666350781 -0.106971346707 -0.196222087322 0.238469258157 0.258217566983 0.185811847296 0.161828748432 0.0782651773294 -0.500389551457 -0.207598679635 -0.00551620573419 -0.0956412655191 -0.0498083271954 -0.241028828559
# Est_nsamples_fish_age:
50.0000000000
# Est_nsamples_srv1_age:
50.0000000000
# Est_nsamples_fish_size:
50.0000000000
# mat_a50:
10.6102154271
# mat_delta:
0.648929397349
# log_rec_dev:
 -1.19414750188 -1.19809591673 -1.20225344500 -1.20662780636 -1.21122735382 -1.21606506031 -1.22115043981 -1.22649216166 -1.23210097519 -1.23798650648 -1.24415861470 -1.25062646041 -1.25740132870 -1.26449234040 -1.27190998138 -1.27966176612 -1.28775584994 -1.29620121156 -1.30500561365 -1.31417494445 -1.32371409445 -1.33362760589 -1.34391631981 -1.35457991448 -1.36561634960 -1.37702228101 -1.38878689192 -1.40089855851 -1.41334175243 -1.42609004023 -1.43911454732 -1.45236085259 -1.46579792964 -1.47936419813 -1.49298490737 -1.50655074209 -1.51992650551 -1.53271591530 -1.54357308125 -1.54900822105 -1.54201844034 -1.51491209802 -1.47227774217 -1.44317223143 -1.44801600013 -1.45443795306 -1.41353004574 -1.31784331510 -1.18621056605 -1.03273909462 -0.999797306673 -1.17237515921 -1.31481440189 -1.29947684085 -1.19650952919 -1.07269785625 -0.858740244220 -0.648271337659 -0.687069961675 0.445219166778 -0.468276695996 -0.563352814004 -0.453027729654 -0.584195538322 -0.429755690388 0.614844946205 0.243664403047 -0.400119220417 -0.500707835112 -0.335760494094 -0.00147160235074 0.205169356072 -0.589731491602 0.662087934070 -0.0974724220631 -0.772529863247 -0.459399034102 -0.338932984917 -1.22764801352 -0.470463642208 -0.821606342481 -0.909630584967 -1.23654078531 0.436194651298 0.0259279936320 -0.463748734096 -0.359703385166 0.182589967526 -0.706622061830 -1.01841380990 -0.793317388193 -1.45663999946 -2.24234182204 -2.25003316068 -1.76689920898 -1.93202614806 -1.74725802806 -1.63462815593 -1.62908024719 -1.84514613721 -2.16498687286 -1.76579171915 -1.89444424903 -1.60259969329 -1.75681180416 -1.48983850684 -1.39173905744 -1.25892345656 -1.18461587351 -1.12500000434
# log_q_srv1:
-0.145098139167
# log_q_srv2:
0.00000000000
# cv_cpue:
0.00000000000
# logm:
-2.82178176000
# mF50:
0.0428699169247
# mF40:
0.0612999005103
# mF35:
0.0736156723516
