#Species name here:
Model_1_goa_nr_2020.dat
#SSL Species?
0
#Constant buffer of Dorn?
0
#Number of fisheries?
1
#Number of sexes?
1
#5year_Average_F(endyr-4,endyr_as_estimated_by_ADmodel)
0.0273467
#_Author_F_as_fraction_F_40%
1
#ABC SPR
0.4
#MSY SPR
0.35
#_Spawn_month
5
#_Number_of_ages
50
#_F_ratio(must_sum_to_one_only_one_fishery)
1
#_Natural_Mortality 2 3 4 5 6 7 8 9 10 11 12 13 14 15 16 17 18 19 20 21 22 23 24 25 26 27 28 29 30 31 32 33 34 35 36 37 38 39 40 41 42 43 44 45 46 47 48 49 50 51
 0.0592311 0.0592311 0.0592311 0.0592311 0.0592311 0.0592311 0.0592311 0.0592311 0.0592311 0.0592311 0.0592311 0.0592311 0.0592311 0.0592311 0.0592311 0.0592311 0.0592311 0.0592311 0.0592311 0.0592311 0.0592311 0.0592311 0.0592311 0.0592311 0.0592311 0.0592311 0.0592311 0.0592311 0.0592311 0.0592311 0.0592311 0.0592311 0.0592311 0.0592311 0.0592311 0.0592311 0.0592311 0.0592311 0.0592311 0.0592311 0.0592311 0.0592311 0.0592311 0.0592311 0.0592311 0.0592311 0.0592311 0.0592311 0.0592311 0.0592311
#_Maturity_divided_by_2(projection_program_uses_to_get_female_spawning_biomass_if_divide_by_2 2 3 4 5 6 7 8 9 10 11 12 13 14 15 16 17 18 19 20 21 22 23 24 25 26 27 28 29 30 31 32 33 34 35 36 37 38 39 40 41 42 43 44 45 46 47 48 49 50 51
 0.0037307 0.00711442 0.0135255 0.025565 0.0478021 0.0876418 0.155271 0.260203 0.402277 0.562901 0.711334 0.825029 0.900225 0.945249 0.970619 0.984427 0.9918 0.995698 0.997747 0.998821 0.999384 0.999678 0.999832 0.999912 0.999954 0.999976 0.999987 0.999993 0.999997 0.999998 0.999999 1 1 1 1 1 1 1 1 1 1 1 1 1 1 1 1 1 1 1
#_Wt_at_age_spawners 2 3 4 5 6 7 8 9 10 11 12 13 14 15 16 17 18 19 20 21 22 23 24 25 26 27 28 29 30 31 32 33 34 35 36 37 38 39 40 41 42 43 44 45 46 47 48 49 50 51
 27.7 73.8 138.4 215.1 297.6 380.9 461.4 536.8 605.8 667.7 722.5 770.6 812.3 848.3 879.1 905.4 927.8 946.8 962.8 976.3 987.7 997.3 1005.3 1012.1 1017.7 1022.5 1026.4 1029.8 1032.5 1034.9 1036.8 1038.4 1039.8 1040.9 1041.9 1042.7 1043.3 1043.9 1044.3 1044.7 1045 1045.3 1045.5 1045.7 1045.9 1046 1046.1 1046.2 1046.3 1046.5
#_Wt_at_age_fishery 2 3 4 5 6 7 8 9 10 11 12 13 14 15 16 17 18 19 20 21 22 23 24 25 26 27 28 29 30 31 32 33 34 35 36 37 38 39 40 41 42 43 44 45 46 47 48 49 50 51
 27.7 73.8 138.4 215.1 297.6 380.9 461.4 536.8 605.8 667.7 722.5 770.6 812.3 848.3 879.1 905.4 927.8 946.8 962.8 976.3 987.7 997.3 1005.3 1012.1 1017.7 1022.5 1026.4 1029.8 1032.5 1034.9 1036.8 1038.4 1039.8 1040.9 1041.9 1042.7 1043.3 1043.9 1044.3 1044.7 1045 1045.3 1045.5 1045.7 1045.9 1046 1046.1 1046.2 1046.3 1046.5
#_Selectivity_fishery_scaled_to_max_at_one 2 3 4 5 6 7 8 9 10 11 12 13 14 15 16 17 18 19 20 21 22 23 24 25 26 27 28 29 30 31 32 33 34 35 36 37 38 39 40 41 42 43 44 45 46 47 48 49 50 51
 5.49873e-05 0.000274763 0.00137174 0.00681848 0.0331741 0.146387 0.461526 0.81074 0.955377 0.990741 0.998134 0.999626 0.999925 0.999985 0.999997 0.999999 1 1 1 1 1 1 1 1 1 1 1 1 1 1 1 1 1 1 1 1 1 1 1 1 1 1 1 1 1 1 1 1 1 1
#_Numbers_at_age_end_year 2 3 4 5 6 7 8 9 10 11 12 13 14 15 16 17 18 19 20 21 22 23 24 25 26 27 28 29 30 31 32 33 34 35 36 37 38 39 40 41 42 43 44 45 46 47 48 49 50 51
 10.462 9.01632 8.19686 6.50063 6.45782 4.56846 3.54213 2.64278 2.95225 2.68249 3.18354 2.86051 1.93673 1.85544 1.05023 0.939708 1.80174 3.53004 2.68064 3.32266 7.80321 4.17095 3.39347 5.19993 7.20259 1.20094 1.52116 1.48497 2.02581 0.900392 1.96655 1.57265 1.04381 2.06276 3.7281 1.03351 2.29345 1.39705 1.1333 0.617643 0.774595 1.63563 1.91721 1.04714 0.381865 0.600091 0.312521 0.45045 1.14363 2.07205
#_N_recruitment_years
40
#_Recruitment_start_at_1977_yearclass=1979_for_age_2_recruits 1979 1980 1981 1982 1983 1984 1985 1986 1987 1988 1989 1990 1991 1992 1993 1994 1995 1996 1997 1998 1999 2000 2001 2002 2003 2004 2005 2006 2007 2008 2009 2010 2011 2012 2013 2014 2015 2016 2017 2018
 44.5189 19.7787 14.7996 25.4249 29.2498 44.6042 18.5071 60.8697 30.6405 14.1315 19.4465 22.3243 9.42694 19.5663 13.19 12.421 9.03266 49.8634 33.0135 19.7079 22.1586 37.9367 14.7995 10.9548 13.2436 6.20461 2.96643 3.02662 4.86248 4.61274 6.20074 6.30116 4.87274 4.93591 4.07545 5.08128 6.15056 8.18631 7.76512 9.22782
#_Spawners per recruitment (starting at 1977)
 19.3726 21.5804 24.4358 27.7973 31.4281 34.8383 37.1404 39.5574 43.322 47.8611 52.6908 57.3716 61.4158 64.8702 68.0444 70.0329 70.7162 72.5899 73.6822 74.3133 75.2207 75.6135 75.3868 73.6894 72.7539 71.9537 71.3705 70.4583 70.2396 70.4171 70.4055 70.4984 70.223 69.4022 67.9295 66.0144 62.7803 59.2529 55.813 52.4871 49.4634 47.2955
