#Species name here:
Model_1_goa_nr_2022.dat
#SSL Species?
0
#Constant buffer of Dorn?
0
#Number of fisheries?
1
#Number of sexes?
1
#5year_Average_F(endyr-4,endyr_as_estimated_by_ADmodel)
0.0214406
#_Author_F_as_fraction_F_40%
1
#ABC SPR
0.4
#MSY SPR
0.35
#_Spawn_month
5
#_Number_of_ages
50
#_F_ratio(must_sum_to_one_only_one_fishery)
1
#_Natural_Mortality 2 3 4 5 6 7 8 9 10 11 12 13 14 15 16 17 18 19 20 21 22 23 24 25 26 27 28 29 30 31 32 33 34 35 36 37 38 39 40 41 42 43 44 45 46 47 48 49 50 51
 0.059074 0.059074 0.059074 0.059074 0.059074 0.059074 0.059074 0.059074 0.059074 0.059074 0.059074 0.059074 0.059074 0.059074 0.059074 0.059074 0.059074 0.059074 0.059074 0.059074 0.059074 0.059074 0.059074 0.059074 0.059074 0.059074 0.059074 0.059074 0.059074 0.059074 0.059074 0.059074 0.059074 0.059074 0.059074 0.059074 0.059074 0.059074 0.059074 0.059074 0.059074 0.059074 0.059074 0.059074 0.059074 0.059074 0.059074 0.059074 0.059074 0.059074
#_Maturity_divided_by_2(projection_program_uses_to_get_female_spawning_biomass_if_divide_by_2 2 3 4 5 6 7 8 9 10 11 12 13 14 15 16 17 18 19 20 21 22 23 24 25 26 27 28 29 30 31 32 33 34 35 36 37 38 39 40 41 42 43 44 45 46 47 48 49 50 51
 0.0037307 0.00711441 0.0135255 0.025565 0.0478021 0.0876418 0.155271 0.260203 0.402277 0.562901 0.711334 0.825029 0.900225 0.945249 0.970619 0.984427 0.9918 0.995698 0.997747 0.998821 0.999384 0.999678 0.999832 0.999912 0.999954 0.999976 0.999987 0.999993 0.999997 0.999998 0.999999 1 1 1 1 1 1 1 1 1 1 1 1 1 1 1 1 1 1 1
#_Wt_at_age_spawners 2 3 4 5 6 7 8 9 10 11 12 13 14 15 16 17 18 19 20 21 22 23 24 25 26 27 28 29 30 31 32 33 34 35 36 37 38 39 40 41 42 43 44 45 46 47 48 49 50 51
 29.7 74.4 136 209.2 288.5 369.4 448.5 523.6 593.2 656.6 713.6 764.2 808.7 847.7 881.5 910.8 936 957.7 976.2 992.1 1005.6 1017.1 1026.9 1035.2 1042.2 1048.2 1053.3 1057.6 1061.2 1064.3 1066.9 1069.1 1070.9 1072.5 1073.8 1074.9 1075.9 1076.7 1077.4 1077.9 1078.4 1078.8 1079.2 1079.5 1079.7 1079.9 1080.1 1080.2 1080.4 1080.8
#_Wt_at_age_fishery 2 3 4 5 6 7 8 9 10 11 12 13 14 15 16 17 18 19 20 21 22 23 24 25 26 27 28 29 30 31 32 33 34 35 36 37 38 39 40 41 42 43 44 45 46 47 48 49 50 51
 29.7 74.4 136 209.2 288.5 369.4 448.5 523.6 593.2 656.6 713.6 764.2 808.7 847.7 881.5 910.8 936 957.7 976.2 992.1 1005.6 1017.1 1026.9 1035.2 1042.2 1048.2 1053.3 1057.6 1061.2 1064.3 1066.9 1069.1 1070.9 1072.5 1073.8 1074.9 1075.9 1076.7 1077.4 1077.9 1078.4 1078.8 1079.2 1079.5 1079.7 1079.9 1080.1 1080.2 1080.4 1080.8
#_Selectivity_fishery_scaled_to_max_at_one 2 3 4 5 6 7 8 9 10 11 12 13 14 15 16 17 18 19 20 21 22 23 24 25 26 27 28 29 30 31 32 33 34 35 36 37 38 39 40 41 42 43 44 45 46 47 48 49 50 51
 9.11064e-05 0.000403299 0.00178337 0.00784889 0.0338447 0.134287 0.407185 0.752566 0.930882 0.983508 0.996227 0.999146 0.999807 0.999956 0.99999 0.999998 0.999999 1 1 1 1 1 1 1 1 1 1 1 1 1 1 1 1 1 1 1 1 1 1 1 1 1 1 1 1 1 1 1 1 1
#_Numbers_at_age_end_year 2 3 4 5 6 7 8 9 10 11 12 13 14 15 16 17 18 19 20 21 22 23 24 25 26 27 28 29 30 31 32 33 34 35 36 37 38 39 40 41 42 43 44 45 46 47 48 49 50 51
 10.3778 8.79193 7.44299 5.8722 5.04163 3.4616 4.90336 3.4778 3.84253 2.05068 3.22733 3.36572 3.45471 2.96745 1.8566 2.2805 1.06845 0.963896 2.38045 4.20989 2.94255 3.96447 8.45339 4.45107 3.56055 5.73196 7.84426 1.21801 1.77271 1.46469 2.20549 0.817003 2.10793 1.64297 1.1115 2.02632 4.00623 0.866952 2.23644 1.41994 1.00932 0.72406 0.879103 1.60692 2.04577 0.657959 0.473125 0.54678 0.409083 3.32356
#_N_recruitment_years
42
#_Recruitment_start_at_1977_yearclass=1979_for_age_2_recruits 1979 1980 1981 1982 1983 1984 1985 1986 1987 1988 1989 1990 1991 1992 1993 1994 1995 1996 1997 1998 1999 2000 2001 2002 2003 2004 2005 2006 2007 2008 2009 2010 2011 2012 2013 2014 2015 2016 2017 2018 2019 2020
 46.5101 23.8674 18.4407 24.0584 31.5715 46.1451 16.454 69.3724 31.9774 16.0147 21.6721 25.5834 9.15765 22.8279 13.967 15.5784 9.87818 58.6512 39.3927 22.4552 25.7663 44.9435 19.3832 13.2478 17.464 9.09848 3.39028 3.44712 6.73226 5.01526 7.34688 7.86299 7.06874 6.26167 3.67198 6.35263 5.32895 7.01746 4.65573 6.38694 7.01116 8.37651
#_Spawners per recruitment (starting at 1977)
 17.5481 19.7793 22.646 26.0678 29.8545 33.516 36.1136 38.7921 42.7901 47.5808 52.7404 57.8551 62.4014 66.3602 70.0031 72.4141 73.4987 75.8283 77.4248 78.5828 79.9997 80.8674 81.0739 79.7849 79.2364 78.8382 78.7097 78.3364 78.7475 79.6104 80.2961 81.071 81.4429 81.1983 80.1971 78.624 75.583 72.1004 68.5881 65.1111 61.8873 59.4975 56.9304 54.2437
