# Number of parameters = 181 Objective function value = 249.267303309421  Maximum gradient component = 0.000553269484199611
# steepness:
0.599550000000
# log_Rzero:
4.30000000000
# log_mean_rec:
3.48730204893
# sigr:
1.50000000000
# log_fish_sel_coffs:
 0.00000000000 0.00000000000 0.00000000000 0.00000000000 0.00000000000 0.00000000000 0.00000000000 0.00000000000 0.00000000000 0.00000000000 0.00000000000
# a50:
8.11032010516
# delta:
1.83903502184
# log_srv1_sel_coffs:
 0.00000000000 0.00000000000 0.00000000000 0.00000000000 0.00000000000 0.00000000000 0.00000000000 0.00000000000 0.00000000000
# a50_srv1:
9.14968168335
# delta_srv1:
4.86708421563
# log_srv2_sel_coffs:
 0.00000000000 0.00000000000 0.00000000000 0.00000000000 0.00000000000 0.00000000000 0.00000000000 0.00000000000 0.00000000000
# a50_srv2:
7.30000000000
# delta_srv2:
3.80000000000
# log_avg_F:
-3.58615438948
# log_F_devs:
 -1.25523166842 0.168892008214 0.984206287504 1.71673826073 2.34189231135 1.96792868131 1.55864739713 1.43396232034 1.12061929919 0.626375827150 1.18465089881 1.22585626694 0.929835826204 0.826718419904 0.786698095890 0.619419068713 -0.776380153982 -1.07115340135 -1.03896231862 -0.953415392135 -0.424387312146 0.501274248396 0.368316916240 -1.01728991308 -2.82984268997 -2.63534820150 -2.03087767368 -1.24793418757 -0.972371538623 -0.907456240609 0.0150151718063 0.522956668571 0.0182156195149 0.216054217125 0.165308671552 -0.349337635369 -0.474328405576 -0.425585444266 0.161569383960 -0.297147269696 -0.344485212395 -0.286401103627 0.145202790547 0.0482645174231 -0.0158555767467 0.0707852779278 -0.0992304836196 -0.121707749746 -0.127005176352 -0.110171489827 -0.195367219351 0.241941135277 0.264050396437 0.193288141812 0.170458887382 0.0863643566385 -0.491417564928 -0.197242800023 0.00567978213890 0.00878665909681
# Est_nsamples_fish_age:
50.0000000000
# Est_nsamples_srv1_age:
50.0000000000
# Est_nsamples_fish_size:
50.0000000000
# mat_a50:
10.6102154569
# mat_delta:
0.648929399633
# log_rec_dev:
 -1.20816582835 -1.21280377017 -1.21767720750 -1.22279683532 -1.22817031462 -1.23381026288 -1.23972671620 -1.24592947011 -1.25242842162 -1.25923345513 -1.26635510946 -1.27380423998 -1.28158895586 -1.28972035387 -1.29820738724 -1.30705885699 -1.31628232209 -1.32588642404 -1.33587671679 -1.34625955633 -1.35704150757 -1.36822491686 -1.37981058657 -1.39178835519 -1.40414085955 -1.41674792178 -1.42922816048 -1.44071732609 -1.44984069373 -1.45560808900 -1.45835675013 -1.45961983127 -1.46291077939 -1.47500356804 -1.49854658651 -1.52505215529 -1.54663324617 -1.56422083240 -1.57650242968 -1.57197221142 -1.53537139020 -1.47110838608 -1.41897083734 -1.40710720483 -1.41410610105 -1.41020041615 -1.37961946866 -1.31826169884 -1.14678189650 -0.705354329950 -0.705208668471 -1.26130218220 -1.47427817034 -1.42293689362 -1.27854066005 -1.09702458882 -0.905009757681 -0.319341015163 -0.797194724908 0.501029769475 -0.487532911308 -0.928233972686 -0.353825953559 -0.888424183723 0.0314318375403 0.557791010343 0.333885088864 -0.475651848352 -0.768041510751 -0.225624297843 -0.0840490270994 0.337818021750 -0.545051849357 0.654753321357 -0.0303035452274 -0.804233100586 -0.481400444888 -0.340605989863 -1.20747981472 -0.467467433976 -0.864431493754 -0.918206329942 -1.24013556254 0.474215927068 0.0634743002859 -0.450471974964 -0.331895579163 0.209780534401 -0.732555437929 -1.03182265323 -0.837777162452 -1.59693063921 -2.33695590049 -2.31191312712 -1.83005951890 -1.88224254921 -1.57894165528 -1.55941300519 -1.81980261108 -1.80626550647 -2.00928016601 -1.80016766848 -1.62747695381 -1.35332551465 -1.41766107615 -1.24882442252 -1.21546061511 -1.12499879816
# log_q_srv1:
-0.388994244843
# log_q_srv2:
0.00000000000
# cv_cpue:
0.00000000000
# logm:
-2.83173791019
# mF50:
0.0426855511503
# mF40:
0.0610273557021
# mF35:
0.0732758995865
